[gd_scene load_steps=22 format=3 uid="uid://b5d3uht1nyf1g"]

[ext_resource type="Script" uid="uid://dhyysmj0yhprb" path="res://addons/zylann.hterrain/hterrain.gd" id="1_lia1b"]
[ext_resource type="Resource" uid="uid://c8kouskeme58a" path="res://models/Terrain/data.hterrain" id="2_61ul2"]
[ext_resource type="Script" uid="uid://dxqdn5ho6vkac" path="res://addons/zylann.hterrain/hterrain_texture_set.gd" id="3_dim0d"]
[ext_resource type="Texture2D" uid="uid://ed7dfxrek0cu" path="res://models/Terrain/terrain_1_slot0_albedo_bump.png" id="4_ijqil"]
[ext_resource type="Texture2D" uid="uid://wm064rx5vwc6" path="res://models/Terrain/terrain_1_slot1_albedo_bump.png" id="5_1qfhg"]
[ext_resource type="Texture2D" uid="uid://bd5l402xdbnv" path="res://models/Terrain/terrain_1_slot2_albedo_bump.png" id="6_5oodu"]
[ext_resource type="Texture2D" uid="uid://cdccl7ovwfunq" path="res://models/Terrain/terrain_1_slot3_albedo_bump.png" id="7_emool"]
[ext_resource type="Texture2D" uid="uid://6hw5q01qmvt4" path="res://models/Terrain/terrain_1_slot0_normal_roughness.png" id="8_slk8x"]
[ext_resource type="Texture2D" uid="uid://bfjdw1dfung0v" path="res://models/Terrain/terrain_1_slot1_normal_roughness.png" id="9_f02o3"]
[ext_resource type="Texture2D" uid="uid://c2kvrt11cv3gt" path="res://models/Terrain/terrain_1_slot2_normal_roughness.png" id="10_0fa2x"]
[ext_resource type="Texture2D" uid="uid://dw2c4287fd37h" path="res://models/Terrain/terrain_1_slot3_normal_roughness.png" id="11_y43ap"]
[ext_resource type="Script" uid="uid://dfqfqlcyc24yo" path="res://addons/road-generator/nodes/road_manager.gd" id="12_emool"]
[ext_resource type="Script" uid="uid://bfmdcbmgrleml" path="res://addons/road-generator/nodes/road_container.gd" id="13_slk8x"]
[ext_resource type="Script" uid="uid://cbgchi2egw4f0" path="res://addons/road-generator/nodes/road_point.gd" id="14_f02o3"]
[ext_resource type="Material" uid="uid://dpashsuk5lr4x" path="res://addons/road-generator/resources/road_texture.material" id="14_y43ap"]
[ext_resource type="ArrayMesh" uid="uid://begsy3jdebk7w" path="res://assets/Untitled_Plane_001.res" id="16_y43ap"]
[ext_resource type="PackedScene" uid="uid://mn4hil24fehx" path="res://scenes/Carro.tscn" id="17_0fa2x"]
[ext_resource type="Script" uid="uid://dl7l87n055idr" path="res://scripts/road_car_follower.gd" id="18_car"]

[sub_resource type="Resource" id="Resource_v81gp"]
script = ExtResource("3_dim0d")
mode = 0
textures = [[ExtResource("4_ijqil"), ExtResource("5_1qfhg"), ExtResource("6_5oodu"), ExtResource("7_emool")], [ExtResource("8_slk8x"), ExtResource("9_f02o3"), ExtResource("10_0fa2x"), ExtResource("11_y43ap")]]

[sub_resource type="PhysicsMaterial" id="PhysicsMaterial_slk8x"]

[sub_resource type="Curve3D" id="Curve3D_f02o3"]
_data = {
"points": PackedVector3Array(0, 0, 0, 0, 0, 0, -0.120773315, 0.77419853, 0, 0, 0, 0, 0, 0, 0, 0.72049713, 0.10322571, -15.290604, 0, 0, 0, 0, 0, 0, 0.70594025, 0.16070366, -17.93959, 0, 0, 0, 0, 0, 0, 0.7737427, 0.1875019, -21.780884, 0, 0, 0, 0, 0, 0, 0.51524353, 0.12318802, -25.408997, 0, 0, 0, 0, 0, 0, 0.2842865, 0.10559273, -27.424149, 0, 0, 0, 0, 0, 0, -1.3627396, 0.11270714, -31.39798, 0, 0, 0, 0, 0, 0, -3.9675827, 0.025156021, -35.374893, 0, 0, 0, 0, 0, 0, -6.2674713, -0.03785324, -38.590668, 0, 0, 0, 0, 0, 0, -7.629837, -0.02254486, -40.334106, 0, 0, 0, 0, 0, 0, -14.501289, 0.16060066, -48.66835, 0, 0, 0, 0, 0, 0, -16.299095, 0.114982605, -50.87436, 0, 0, 0, 0, 0, 0, -17.220238, 0.11652756, -52.52881, 0, 0, 0, 0, 0, 0, -17.26825, 0.2671833, -55.163498, 0, 0, 0, 0, 0, 0, -17.647148, 0.5438423, -60.65123, 0, 0, 0, 0, 0, 0, -17.858917, 0.7135258, -64.017044, 0, 0, 0, 0, 0, 0, -20.380638, 1.1142521, -68.92326, 0, 0, 0, 0, 0, 0, -21.403046, 1.3699951, -71.199356, 0, 0, 0, 0, 0, 0, -24.512062, 1.7321167, -78.57051, 0, 0, 0, 0, 0, 0, -24.890862, 1.9419708, -82.077835, 0, 0, 0, 0, 0, 0, -24.880295, 2.098072, -86.24765, 0, 0, 0, 0, 0, 0, -23.937836, 2.8390255, -90.23605, 0, 0, 0, 0, 0, 0, -22.528366, 3.833643, -95.497696, 0, 0, 0, 0, 0, 0, -21.433907, 5.1668167, -101.401, 0, 0, 0, 0, 0, 0, -19.263588, 5.204777, -113.12601, 0, 0, 0, 0, 0, 0, -19.519989, 5.1914463, -118.945496, 0, 0, 0, 0, 0, 0, -19.58892, 5.166939, -129.25842, 0, 0, 0, 0, 0, 0, -18.965706, 5.244257, -132.85666, 0, 0, 0, 0, 0, 0, -17.222069, 5.126486, -138.07776, 0, 0, 0, 0, 0, 0, -20.37519, 5.1870575, -144.95177, 0, 0, 0, 0, 0, 0, -21.805885, 5.1880054, -149.22919, 0, 0, 0, 0, 0, 0, -23.877113, 5.1146736, -154.32468, 0, 0, 0, 0, 0, 0, -27.527573, 5.216625, -161.39804, 0, 0, 0, 0, 0, 0, -31.491982, 5.1524067, -168.99852, 0, 0, 0, 0, 0, 0, -31.134804, 5.2376823, -172.89749, 0, 0, 0, 0, 0, 0, -30.163986, 5.124983, -177.15521, 0, 0, 0, 0, 0, 0, -27.714104, 4.9523582, -180.31525, 0, 0, 0, 0, 0, 0, -21.901772, 4.2603874, -187.49556, 0, 0, 0, 0, 0, 0, -19.771866, 4.134203, -187.77344, 0, 0, 0, 0, 0, 0, -17.851944, 3.898449, -187.9989, 0, 0, 0, 0, 0, 0, -14.282143, 3.5856514, -188.10712, 0, 0, 0, 0, 0, 0, -10.213219, 3.1927605, -188.21686, 0, 0, 0, 0, 0, 0, -4.0309677, 2.664091, -190.76755, 0, 0, 0, 0, 0, 0, 0.5608063, 2.1514454, -192.87985, 0, 0, 0, 0, 0, 0, 1.8716049, 2.2117615, -196.09618, 0, 0, 0, 0, 0, 0, 3.1751938, 2.166525, -199.21922, 0, 0, 0, 0, 0, 0, 3.3134537, 1.9960823, -203.2926, 0, 0, 0, 0, 0, 0, 4.094185, 1.2534943, -207.9603, 0, 0, 0, 0, 0, 0, 4.853279, -0.01033783, -213.39066, 0, 0, 0, 0, 0, 0, 5.5056686, -0.83179855, -217.82356, 0, 0, 0, 0, 0, 0, 6.181679, -0.7492943, -222.09392, 0, 0, 0, 0, 0, 0, 7.0399094, -0.8090191, -226.01231, 0, 0, 0, 0, 0, 0, 8.837929, -1.349556, -229.93382, 0, 0, 0, 0, 0, 0, 12.132423, -2.7075691, -235.67923, 0, 0, 0, 0, 0, 0, 13.690941, -3.68639, -237.63712, 0, 0, 0, 0, 0, 0, 15.626137, -4.6889057, -239.41066, 0, 0, 0, 0, 0, 0, 20.361885, -5.6747704, -240.53755, 0, 0, 0, 0, 0, 0, 24.884651, -6.3721848, -240.74976, 0, 0, 0, 0, 0, 0, 31.66262, -7.127097, -241.467, 0, 0, 0, 0, 0, 0, 40.928566, -8.053664, -242.76286, 0, 0, 0, 0, 0, 0, 45.843987, -8.914544, -242.281, 0, 0, 0, 0, 0, 0, 50.682243, -9.76731, -241.08385, 0, 0, 0, 0, 0, 0, 54.8704, -11.007171, -238.33968, 0, 0, 0, 0, 0, 0, 58.638695, -12.31367, -234.95972, 0, 0, 0, 0, 0, 0, 62.15136, -13.766751, -230.40599, 0, 0, 0, 0, 0, 0, 67.00733, -14.60637, -228.34967, 0, 0, 0, 0, 0, 0, 74.72692, -15.147131, -226.5812, 0, 0, 0, 0, 0, 0, 77.763466, -15.852466, -225.61157, 0, 0, 0, 0, 0, 0, 79.000145, -16.395477, -223.9186, 0, 0, 0, 0, 0, 0, 80.68479, -17.21225, -218.19238, 0, 0, 0, 0, 0, 0, 80.89434, -17.55193, -216.63657, 0, 0, 0, 0, 0, 0, 81.82493, -17.725035, -214.71289, 0, 0, 0, 0, 0, 0, 82.435555, -17.824043, -213.32613, 0, 0, 0, 0, 0, 0, 85.113396, -18.286789, -211.28928, 0, 0, 0, 0, 0, 0, 86.81049, -18.635633, -209.76941, 0, 0, 0, 0, 0, 0, 88.248955, -18.922127, -208.50313, 0, 0, 0, 0, 0, 0, 89.29429, -18.999065, -208.24432, 0, 0, 0, 0, 0, 0, 91.356865, -19.216969, -207.63008, 0, 0, 0, 0, 0, 0, 100.164955, -20.526936, -204.77672, 0, 0, 0, 0, 0, 0, 103.92695, -20.926311, -203.77312, 0, 0, 0, 0, 0, 0, 105.45658, -21.127098, -203.42807, 0, 0, 0, 0, 0, 0, 106.18566, -21.240402, -203.26018, 0, 0, 0, 0, 0, 0, 110.66741, -21.83047, -205.02576, 0, 0, 0, 0, 0, 0, 114.76363, -22.327389, -206.5708, 0, 0, 0, 0, 0, 0, 123.50439, -22.335644, -206.28662, 0, 0, 0, 0, 0, 0, 129.28796, -21.915201, -206.75491, 0, 0, 0, 0, 0, 0, 129.91809, -22.042324, -206.51865, 0, 0, 0, 0, 0, 0, 130.04968, -22.070665, -206.2272),
"tilts": PackedFloat32Array(0, 0, 0, 0, 0, 0, 0, 0, 0, 0, 0, 0, 0, 0, 0, 0, 0, 0, 0, 0, 0, 0, 0, 0, 0, 0, 0, 0, 0, 0, 0, 0, 0, 0, 0, 0, 0, 0, 0, 0, 0, 0, 0, 0, 0, 0, 0, 0, 0, 0, 0, 0, 0, 0, 0, 0, 0, 0, 0, 0, 0, 0, 0, 0, 0, 0, 0, 0, 0, 0, 0, 0, 0, 0, 0, 0, 0, 0, 0, 0, 0, 0, 0, 0, 0, 0, 0, 0)
}
point_count = 88

[node name="Node3D2" type="Node3D"]

[node name="HTerrain" type="Node3D" parent="."]
script = ExtResource("1_lia1b")
_terrain_data = ExtResource("2_61ul2")
chunk_size = 32
collision_enabled = true
collision_layer = 1
collision_mask = 1
shader_type = "Classic4"
custom_shader = null
custom_globalmap_shader = null
texture_set = SubResource("Resource_v81gp")
render_layers = 1
cast_shadow = 1
shader_params/u_ground_uv_scale_per_texture = null
shader_params/u_depth_blending = true
shader_params/u_triplanar = null
shader_params/u_tile_reduction = Vector4(1, 1, 0, 0)
shader_params/u_globalmap_blend_start = null
shader_params/u_globalmap_blend_distance = null
shader_params/u_colormap_opacity_per_texture = null
metadata/_custom_type_script = "uid://dhyysmj0yhprb"

[node name="Node3D" type="Node3D" parent="."]

[node name="RoadManager" type="Node3D" parent="Node3D"]
transform = Transform3D(0.2, 0, 0, 0, 0.2, 0, 0, 0, 0.2, 0, 0, 0)
script = ExtResource("12_emool")

[node name="Road_001" type="Node3D" parent="Node3D/RoadManager"]
script = ExtResource("13_slk8x")
material_resource = ExtResource("14_y43ap")
density = 20.0
use_lowpoly_preview = true
physics_material = SubResource("PhysicsMaterial_slk8x")
override_collision_layers = true
edge_containers = Array[NodePath]([NodePath(""), NodePath(""), NodePath(""), NodePath(""), NodePath(""), NodePath(""), NodePath(""), NodePath("")])
edge_rp_targets = Array[NodePath]([NodePath(""), NodePath(""), NodePath(""), NodePath(""), NodePath(""), NodePath(""), NodePath(""), NodePath("")])
edge_rp_target_dirs = Array[int]([-1, -1, -1, -1, -1, -1, -1, -1])
edge_rp_locals = Array[NodePath]([NodePath("RP_044"), NodePath("RP_045"), NodePath("RP_027"), NodePath("RP_027"), NodePath("@Node3D@34399"), NodePath("@Node3D@34399"), NodePath("@Node3D@35323"), NodePath("@Node3D@35323")])
edge_rp_local_dirs = Array[int]([1, 0, 0, 1, 0, 1, 0, 1])

[node name="RP_001" type="Node3D" parent="Node3D/RoadManager/Road_001"]
transform = Transform3D(0.9994019, 0.00048610245, -0.034576587, 0, 0.9999012, 0.014057328, 0.034580003, -0.014048921, 0.99930316, 619.8481, 110.33729, 1236.2212)
script = ExtResource("14_f02o3")
traffic_dir = Array[int]([2, 2, 1, 1])
lanes = Array[int]([2, 4, 4, 2])
next_mag = 16.0
prior_pt_init = NodePath("../RP_002")
next_pt_init = NodePath("../RP_045")

[node name="RP_002" type="Node3D" parent="Node3D/RoadManager/Road_001"]
transform = Transform3D(0.99940205, 0.0008941375, -0.03456657, 0.00022155847, 0.99947953, 0.032259427, 0.03457743, -0.032247797, 0.9988815, 622.3933, 110.552376, 1162.6528)
script = ExtResource("14_f02o3")
traffic_dir = Array[int]([2, 2, 1, 1])
lanes = Array[int]([2, 4, 4, 2])
prior_mag = 16.0
next_mag = 16.0
prior_pt_init = NodePath("../RP_003")
next_pt_init = NodePath("../RP_001")

[node name="RP_003" type="Node3D" parent="Node3D/RoadManager/Road_001"]
transform = Transform3D(0.91613024, -0.025475653, 0.40007043, -5.2421397e-06, 0.997978, 0.06356115, -0.40088078, -0.058232393, 0.91427755, 610.44446, 110.55, 1118.1005)
script = ExtResource("14_f02o3")
traffic_dir = Array[int]([2, 2, 1, 1])
lanes = Array[int]([2, 4, 4, 2])
prior_mag = 16.0
next_mag = 16.0
prior_pt_init = NodePath("../RP_004")
next_pt_init = NodePath("../RP_002")

[node name="RP_012" type="Node3D" parent="Node3D/RoadManager/Road_001"]
transform = Transform3D(0.9814606, 0.00245515, -0.19164842, 4.4751155e-06, 0.9999176, 0.012832562, 0.19166414, -0.012595511, 0.9813798, 520.2971, 136.24998, 707.9675)
script = ExtResource("14_f02o3")
traffic_dir = Array[int]([2, 2, 1, 1])
lanes = Array[int]([2, 4, 4, 2])
prior_mag = 16.0
next_mag = 16.0
prior_pt_init = NodePath("../RP_013")
next_pt_init = NodePath("../RP_010")

[node name="RP_013" type="Node3D" parent="Node3D/RoadManager/Road_001"]
transform = Transform3D(0.9967475, -0.0029471174, 0.080533855, 0, 0.999331, 0.03657029, -0.08058776, -0.03645134, 0.99608076, 518.31024, 136.25, 629.76447)
script = ExtResource("14_f02o3")
traffic_dir = Array[int]([2, 2, 1, 1])
lanes = Array[int]([2, 4, 4, 2])
prior_mag = 16.0
next_mag = 16.0
prior_pt_init = NodePath("../RP_014")
next_pt_init = NodePath("../RP_012")

[node name="RP_014" type="Node3D" parent="Node3D/RoadManager/Road_001"]
transform = Transform3D(0.9185884, 0.021637328, -0.3946228, 0, 0.9985001, 0.05474817, 0.39521557, -0.05029103, 0.9172107, 530.82404, 136.25, 581.74677)
script = ExtResource("14_f02o3")
traffic_dir = Array[int]([2, 2, 1, 1])
lanes = Array[int]([2, 4, 4, 2])
prior_mag = 16.0
next_mag = 16.0
prior_pt_init = NodePath("../RP_015")
next_pt_init = NodePath("../RP_013")

[node name="RP_015" type="Node3D" parent="Node3D/RoadManager/Road_001"]
transform = Transform3D(0.84427494, -0.01290235, 0.535755, 0, 0.9997101, 0.024075579, -0.5359103, -0.020326406, 0.8440302, 500.99838, 136.25, 510.137)
script = ExtResource("14_f02o3")
traffic_dir = Array[int]([2, 2, 1, 1])
lanes = Array[int]([2, 4, 4, 2])
prior_mag = 16.0
next_mag = 16.0
prior_pt_init = NodePath("../RP_016")
next_pt_init = NodePath("../RP_014")

[node name="RP_016" type="Node3D" parent="Node3D/RoadManager/Road_001"]
transform = Transform3D(0.89299357, -0.013116928, 0.4498783, 0, 0.99957514, 0.029144237, -0.45006943, -0.02602561, 0.89261436, 459.7818, 136.25, 431.86185)
script = ExtResource("14_f02o3")
traffic_dir = Array[int]([2, 2, 1, 1])
lanes = Array[int]([2, 4, 4, 2])
prior_mag = 16.0
next_mag = 16.0
prior_pt_init = NodePath("../RP_017")
next_pt_init = NodePath("../RP_015")

[node name="RP_017" type="Node3D" parent="Node3D/RoadManager/Road_001"]
transform = Transform3D(0.9160647, 0.023838602, -0.4003214, -6.3366847e-06, 0.99823254, 0.059428927, 0.40103048, -0.0544382, 0.9144459, 466.28323, 136.24998, 386.28668)
script = ExtResource("14_f02o3")
traffic_dir = Array[int]([2, 2, 1, 1])
lanes = Array[int]([2, 4, 4, 2])
prior_mag = 16.0
next_mag = 16.0
prior_pt_init = NodePath("../RP_018")
next_pt_init = NodePath("../RP_016")

[node name="RP_018" type="Node3D" parent="Node3D/RoadManager/Road_001"]
transform = Transform3D(0.728238, 0.076598175, -0.6810302, -2.6961557e-06, 0.9937345, 0.11176641, 0.68532425, -0.0813907, 0.7236755, 512.5944, 131.25, 329.25064)
script = ExtResource("14_f02o3")
traffic_dir = Array[int]([2, 2, 1, 1])
lanes = Array[int]([2, 4, 4, 2])
prior_mag = 16.0
next_mag = 16.0
prior_pt_init = NodePath("../RP_019")
next_pt_init = NodePath("../RP_017")

[node name="RP_019" type="Node3D" parent="Node3D/RoadManager/Road_001"]
transform = Transform3D(-0.08588156, 0.1070359, -0.9905391, 0, 0.9942123, 0.10743283, 0.9963053, 0.0092265, -0.08538452, 576.1536, 126.25, 322.21133)
script = ExtResource("14_f02o3")
traffic_dir = Array[int]([2, 2, 1, 1])
lanes = Array[int]([2, 4, 4, 2])
prior_mag = 16.0
next_mag = 16.0
prior_pt_init = NodePath("../RP_020")
next_pt_init = NodePath("../RP_018")

[node name="RP_020" type="Node3D" parent="Node3D/RoadManager/Road_001"]
transform = Transform3D(0.56754774, 0.12443579, -0.8138828, 0, 0.98851305, 0.15113528, 0.8233404, -0.085776486, 0.5610284, 623.13416, 121.24999, 302.11758)
script = ExtResource("14_f02o3")
traffic_dir = Array[int]([2, 2, 1, 1])
lanes = Array[int]([2, 4, 4, 2])
prior_mag = 16.0
next_mag = 16.0
prior_pt_init = NodePath("../RP_021")
next_pt_init = NodePath("../RP_019")

[node name="RP_021" type="Node3D" parent="Node3D/RoadManager/Road_001"]
transform = Transform3D(0.9528754, -0.0022448532, 0.3033536, -4.7150545e-05, 0.9999716, 0.0075480146, -0.3033619, -0.007206622, 0.9528482, 632.8618, 121.24985, 282.7927)
script = ExtResource("14_f02o3")
traffic_dir = Array[int]([2, 2, 1, 1])
lanes = Array[int]([2, 4, 4, 2])
prior_mag = 16.0
next_mag = 16.0
prior_pt_init = NodePath("../RP_022")
next_pt_init = NodePath("../RP_020")

[node name="RP_022" type="Node3D" parent="Node3D/RoadManager/Road_001"]
transform = Transform3D(0.9642351, -0.024208538, -0.26394, 0.08323619, 0.97309834, 0.21482909, 0.25163883, -0.22911516, 0.94031066, 637.1166, 116.088936, 234.31244)
script = ExtResource("14_f02o3")
traffic_dir = Array[int]([2, 2, 1, 1])
lanes = Array[int]([2, 4, 4, 2])
prior_mag = 16.0
next_mag = 16.0
prior_pt_init = NodePath("../RP_023")
next_pt_init = NodePath("../RP_021")

[node name="RP_023" type="Node3D" parent="Node3D/RoadManager/Road_001"]
transform = Transform3D(0.996974, 0.01948409, -0.075253114, 0, 0.96807814, 0.250649, 0.077734545, -0.2498906, 0.96514875, 644.01215, 106.25, 184.99069)
script = ExtResource("14_f02o3")
traffic_dir = Array[int]([2, 2, 1, 1])
lanes = Array[int]([2, 4, 4, 2])
prior_mag = 16.0
next_mag = 16.0
prior_pt_init = NodePath("../RP_024")
next_pt_init = NodePath("../RP_022")

[node name="RP_024" type="Node3D" parent="Node3D/RoadManager/Road_001"]
transform = Transform3D(0.97160566, -0.012703778, -0.23626462, 0, 0.9985577, -0.053691715, 0.23660588, 0.052167185, 0.97020423, 651.8625, 106.25, 142.25586)
script = ExtResource("14_f02o3")
traffic_dir = Array[int]([2, 2, 1, 1])
lanes = Array[int]([2, 4, 4, 2])
prior_mag = 16.0
next_mag = 16.0
prior_pt_init = NodePath("../RP_025")
next_pt_init = NodePath("../RP_023")

[node name="RP_025" type="Node3D" parent="Node3D/RoadManager/Road_001"]
transform = Transform3D(0.9565291, 0.16266051, -0.24206139, -9.5227515e-06, 0.8300266, 0.5577239, 0.29163703, -0.5334769, 0.793946, 672.92334, 99.14931, 100.59762)
script = ExtResource("14_f02o3")
traffic_dir = Array[int]([2, 2, 1, 1])
lanes = Array[int]([2, 4, 4, 2])
prior_mag = 16.0
next_mag = 16.0
prior_pt_init = NodePath("../RP_026")
next_pt_init = NodePath("../RP_024")

[node name="RP_031" type="Node3D" parent="Node3D/RoadManager/Road_001"]
transform = Transform3D(0.053471435, 0.17376198, -0.98333484, 0.011485148, 0.9845719, 0.17460495, 0.9985035, -0.020630127, 0.050650757, 830.4752, 70.57829, 48.386765)
script = ExtResource("14_f02o3")
traffic_dir = Array[int]([2, 2, 1, 1])
lanes = Array[int]([2, 4, 4, 2])
prior_mag = 16.0
next_mag = 16.0
prior_pt_init = NodePath("../RP_032")
next_pt_init = NodePath("../RP_028")

[node name="RP_032" type="Node3D" parent="Node3D/RoadManager/Road_001"]
transform = Transform3D(-0.27814716, 0.23200476, -0.93209857, 0.049751665, 0.9725692, 0.22723162, 0.95924926, 0.016830377, -0.28205988, 884.5629, 60.943493, 58.198692)
script = ExtResource("14_f02o3")
traffic_dir = Array[int]([2, 2, 1, 1])
lanes = Array[int]([2, 4, 4, 2])
prior_mag = 16.0
next_mag = 16.0
prior_pt_init = NodePath("../RP_033")
next_pt_init = NodePath("../RP_031")

[node name="RP_033" type="Node3D" parent="Node3D/RoadManager/Road_001"]
transform = Transform3D(-0.7285586, 0.21131398, -0.651574, 0.037589356, 0.96212655, 0.26999944, 0.6839514, 0.17221822, -0.7089085, 927.3846, 48.34608, 91.53588)
script = ExtResource("14_f02o3")
traffic_dir = Array[int]([2, 2, 1, 1])
lanes = Array[int]([2, 4, 4, 2])
prior_mag = 16.0
next_mag = 16.0
prior_pt_init = NodePath("../RP_034")
next_pt_init = NodePath("../RP_032")

[node name="RP_034" type="Node3D" parent="Node3D/RoadManager/Road_001"]
transform = Transform3D(-0.78130895, 0.24644682, -0.57342863, -0.0003392635, 0.91857564, 0.39524537, 0.6241445, 0.3090033, -0.7176076, 945.47876, 41.241055, 116.68825)
script = ExtResource("14_f02o3")
traffic_dir = Array[int]([2, 2, 1, 1])
lanes = Array[int]([2, 4, 4, 2])
prior_mag = 16.0
next_mag = 16.0
prior_pt_init = NodePath("../RP_035")
next_pt_init = NodePath("../RP_033")

[node name="RP_035" type="Node3D" parent="Node3D/RoadManager/Road_001"]
transform = Transform3D(0.22515157, 0.10944546, -0.9681573, -0.3407782, 0.9397566, 0.026984587, 0.9127855, 0.32385123, 0.24888425, 984.4537, 38.848953, 129.62384)
script = ExtResource("14_f02o3")
traffic_dir = Array[int]([2, 2, 1, 1])
lanes = Array[int]([2, 4, 4, 2])
prior_mag = 16.0
next_mag = 16.0
prior_pt_init = NodePath("../RP_036")
next_pt_init = NodePath("../RP_034")

[node name="RP_036" type="Node3D" parent="Node3D/RoadManager/Road_001"]
transform = Transform3D(-0.4737425, 0.24227645, -0.84668183, -0.0057021566, 0.9605498, 0.27805, 0.88064504, 0.13655202, -0.45367166, 1022.1033, 31.227112, 137.36426)
script = ExtResource("14_f02o3")
traffic_dir = Array[int]([2, 2, 1, 1])
lanes = Array[int]([2, 4, 4, 2])
prior_mag = 16.0
next_mag = 16.0
prior_pt_init = NodePath("../RP_037")
next_pt_init = NodePath("../RP_035")

[node name="RP_037" type="Node3D" parent="Node3D/RoadManager/Road_001"]
transform = Transform3D(-0.94912124, -0.02058762, 0.31423765, -0.04890464, 0.99539083, -0.082497075, -0.31109086, -0.09366741, -0.94575304, 1032.0404, 30.13397, 155.10863)
script = ExtResource("14_f02o3")
traffic_dir = Array[int]([2, 2, 1, 1])
lanes = Array[int]([2, 4, 4, 2])
prior_mag = 16.0
next_mag = 16.0
prior_pt_init = NodePath("../RP_038")
next_pt_init = NodePath("../RP_036")

[node name="RP_038" type="Node3D" parent="Node3D/RoadManager/Road_001"]
transform = Transform3D(-0.85252047, -0.1383757, -0.5040448, -0.30084482, 0.91847986, 0.25668567, 0.42743587, 0.37046912, -0.8246522, 1046.1927, 23.805311, 203.11176)
script = ExtResource("14_f02o3")
traffic_dir = Array[int]([2, 2, 1, 1])
lanes = Array[int]([2, 4, 4, 2])
prior_mag = 16.0
next_mag = 16.0
prior_pt_init = NodePath("../RP_039")
next_pt_init = NodePath("../RP_037")

[node name="RP_039" type="Node3D" parent="Node3D/RoadManager/Road_001"]
transform = Transform3D(-0.31872842, 0.040216755, -0.9469926, -0.30335858, 0.9422194, 0.14211513, 0.89799, 0.3325745, -0.2881119, 1073.866, 19.115482, 223.06902)
script = ExtResource("14_f02o3")
traffic_dir = Array[int]([2, 2, 1, 1])
lanes = Array[int]([2, 4, 4, 2])
prior_mag = 16.0
next_mag = 16.0
prior_pt_init = NodePath("../RP_040")
next_pt_init = NodePath("../RP_038")

[node name="RP_040" type="Node3D" parent="Node3D/RoadManager/Road_001"]
transform = Transform3D(-0.34263095, 0.2334297, -0.9100081, -0.19090551, 0.93113077, 0.3107265, 0.9198692, 0.2801901, -0.27447113, 1108.0983, 12.753619, 233.93736)
script = ExtResource("14_f02o3")
traffic_dir = Array[int]([2, 2, 1, 1])
lanes = Array[int]([2, 4, 4, 2])
prior_mag = 16.0
next_mag = 16.0
prior_pt_init = NodePath("../RP_042")
next_pt_init = NodePath("../RP_039")

[node name="RP_042" type="Node3D" parent="Node3D/RoadManager/Road_001"]
transform = Transform3D(-0.22505349, 0.30913588, -0.92400545, 0.008748534, 0.9489367, 0.31534594, 0.9743073, 0.062886015, -0.21626592, 1160.352, 4.1400156, 248.05351)
script = ExtResource("14_f02o3")
traffic_dir = Array[int]([2, 2, 1, 1])
lanes = Array[int]([2, 4, 4, 2])
prior_mag = 16.0
next_mag = 16.0
prior_pt_init = NodePath("../RP_043")
next_pt_init = NodePath("../RP_040")

[node name="RP_043" type="Node3D" parent="Node3D/RoadManager/Road_001"]
transform = Transform3D(0.70618516, 0.16192892, -0.6892617, -0.19255666, 0.980727, 0.03311861, 0.68134034, 0.10933404, 0.7237551, 1195.7377, 0.5572257, 235.08813)
script = ExtResource("14_f02o3")
traffic_dir = Array[int]([2, 2, 1, 1])
lanes = Array[int]([2, 4, 4, 2])
prior_mag = 16.0
next_mag = 16.0
prior_pt_init = NodePath("../RP_044")
next_pt_init = NodePath("../RP_042")

[node name="RP_044" type="Node3D" parent="Node3D/RoadManager/Road_001"]
transform = Transform3D(-0.091113955, 0.013446491, -0.9957497, -0.058091406, 0.9981345, 0.01879422, 0.9941448, 0.059556913, -0.090162836, 1279.7922, 1.1358038, 231.77461)
script = ExtResource("14_f02o3")
traffic_dir = Array[int]([2, 2, 1, 1])
lanes = Array[int]([2, 4, 4, 2])
prior_mag = 16.0
next_mag = 16.0
next_pt_init = NodePath("../RP_043")

[node name="RP_045" type="Node3D" parent="Node3D/RoadManager/Road_001"]
transform = Transform3D(0.9954997, 0.03364348, -0.088591576, -0.034088526, 0.9994126, -0.0035150335, 0.08842129, 0.006519172, 0.99606174, 617.15015, 110.477104, 1276.324)
script = ExtResource("14_f02o3")
traffic_dir = Array[int]([2, 2, 1, 1])
lanes = Array[int]([2, 4, 4, 2])
prior_mag = 16.0
next_mag = 16.0
prior_pt_init = NodePath("../RP_001")

[node name="RP_004" type="Node3D" parent="Node3D/RoadManager/Road_001"]
transform = Transform3D(0.7667744, -0.009935461, 0.64183974, 0.0015221519, 0.9999056, 0.013659754, -0.64191496, -0.009496973, 0.766717, 534.9975, 110.56386, 1020.99854)
script = ExtResource("14_f02o3")
traffic_dir = Array[int]([2, 2, 1, 1])
lanes = Array[int]([2, 4, 4, 2])
prior_mag = 16.0
next_mag = 16.0
prior_pt_init = NodePath("../RP_005")
next_pt_init = NodePath("../RP_003")

[node name="RP_005" type="Node3D" parent="Node3D/RoadManager/Road_001"]
transform = Transform3D(0.97567874, 0.205351, -0.07669342, -0.20969902, 0.97629166, -0.05367377, 0.06385318, 0.06845089, 0.9956089, 529.3208, 115.621254, 955.8814)
script = ExtResource("14_f02o3")
traffic_dir = Array[int]([2, 2, 1, 1])
lanes = Array[int]([2, 4, 4, 2])
prior_mag = 16.0
next_mag = 16.0
prior_pt_init = NodePath("../RP_006")
next_pt_init = NodePath("../RP_004")

[node name="RP_006" type="Node3D" parent="Node3D/RoadManager/Road_001"]
transform = Transform3D(0.8346528, 0.10120581, 0.54139835, -0.11033612, 0.9937708, -0.015668761, -0.5396117, -0.04665782, 0.8406201, 496.77414, 119.94913, 887.0022)
script = ExtResource("14_f02o3")
traffic_dir = Array[int]([2, 2, 1, 1])
lanes = Array[int]([2, 4, 4, 2])
prior_mag = 16.0
next_mag = 16.0
prior_pt_init = NodePath("../RP_007")
next_pt_init = NodePath("../RP_005")

[node name="RP_007" type="Node3D" parent="Node3D/RoadManager/Road_001"]
transform = Transform3D(0.9844326, 0.10026473, -0.14435901, -0.09587785, 0.99470353, 0.03704914, 0.14730911, -0.022631554, 0.98883146, 492.77637, 121.45261, 843.1951)
script = ExtResource("14_f02o3")
traffic_dir = Array[int]([2, 2, 1, 1])
lanes = Array[int]([2, 4, 4, 2])
prior_mag = 16.0
next_mag = 16.0
prior_pt_init = NodePath("../RP_009")
next_pt_init = NodePath("../RP_006")

[node name="RP_009" type="Node3D" parent="Node3D/RoadManager/Road_001"]
transform = Transform3D(0.95779276, 0.14140756, -0.2502742, -0.20308599, 0.9490429, -0.24098529, 0.20344383, 0.2816412, 0.93770397, 502.76382, 130.19511, 800.5469)
script = ExtResource("14_f02o3")
traffic_dir = Array[int]([2, 2, 1, 1])
lanes = Array[int]([2, 4, 4, 2])
prior_mag = 16.0
next_mag = 16.0
prior_pt_init = NodePath("../RP_010")
next_pt_init = NodePath("../RP_007")

[node name="RP_010" type="Node3D" parent="Node3D/RoadManager/Road_001"]
transform = Transform3D(0.99327135, 0.0019783855, -0.115794174, 1.8945148e-06, 0.999854, 0.017099107, 0.11581111, -0.016984276, 0.9931259, 508.80582, 136.25, 768.0688)
script = ExtResource("14_f02o3")
traffic_dir = Array[int]([2, 2, 1, 1])
lanes = Array[int]([2, 4, 4, 2])
prior_mag = 16.0
next_mag = 16.0
prior_pt_init = NodePath("../RP_012")
next_pt_init = NodePath("../RP_009")

[node name="RP_027" type="Node3D" parent="Node3D/RoadManager/Road_001"]
transform = Transform3D(0.23973355, 0.96620166, -0.09477522, -0.9291699, 0.25664154, 0.26604208, 0.28137356, 0.02428307, 0.9592909, 661.45874, 79.80618, 79.72522)
script = ExtResource("14_f02o3")
traffic_dir = Array[int]([2, 2, 1, 1])
lanes = Array[int]([2, 4, 4, 2])
prior_mag = 16.0
next_mag = 16.0

[node name="RP_026" type="Node3D" parent="Node3D/RoadManager/Road_001"]
transform = Transform3D(0.3954665, 0.267441, -0.8786818, -0.054569915, 0.9618207, 0.2681854, 0.91685796, -0.05810881, 0.394962, 701.11414, 87.4064, 67.21987)
script = ExtResource("14_f02o3")
traffic_dir = Array[int]([2, 2, 1, 1])
lanes = Array[int]([2, 4, 4, 2])
prior_mag = 16.0
next_mag = 16.0
prior_pt_init = NodePath("../RP_028")
next_pt_init = NodePath("../RP_025")

[node name="RP_028" type="Node3D" parent="Node3D/RoadManager/Road_001"]
transform = Transform3D(-0.1348449, 0.23323266, -0.9630262, -0.12753549, 0.9597335, 0.25029293, 0.9826249, 0.15657075, -0.09966971, 728.8876, 82.97368, 62.650204)
script = ExtResource("14_f02o3")
traffic_dir = Array[int]([2, 2, 1, 1])
lanes = Array[int]([2, 4, 4, 2])
prior_mag = 16.0
next_mag = 16.0
prior_pt_init = NodePath("../RP_031")
next_pt_init = NodePath("../RP_026")

[node name="@Node3D@34399" type="Node3D" parent="Node3D/RoadManager/Road_001"]
transform = Transform3D(1, 0, 0, 0, 1, 0, 0, 0, 1, 1054.5078, 25.843918, 204.06848)
script = ExtResource("14_f02o3")
traffic_dir = Array[int]([2, 2, 1, 1])
lanes = Array[int]([2, 4, 4, 2])

[node name="@Node3D@35323" type="Node3D" parent="Node3D/RoadManager/Road_001"]
transform = Transform3D(1, 0, 0, 0, 1, 0, 0, 0, 1, 1043.1945, 29.300697, 186.35583)
script = ExtResource("14_f02o3")
traffic_dir = Array[int]([2, 2, 1, 1])
lanes = Array[int]([2, 4, 4, 2])

[node name="PathMesh3D" type="PathMesh3D" parent="." node_paths=PackedStringArray("path_3d")]
path_3d = NodePath("Path3D")
mesh = ExtResource("16_y43ap")
surface_0/tile_rotation = Vector3(0, -1.5707964, 0)
surface_0/tile_rotation_order = 2
surface_0/distribution = 0
surface_0/alignment = 0
surface_0/warp_along_curve = true
surface_0/sample_cubic = false
surface_0/tilt = true
surface_0/offset = Vector2(0, 0)
surface_0/triangle_count = 700468
transform = Transform3D(1, 0, 0, 0, 1, 0, 0, 0, 1, 125.59399, 22.49275, 254.71701)

[node name="Path3D" type="Path3D" parent="PathMesh3D"]
transform = Transform3D(1, 0, 0, 0, 1, 0, 0, 0, 1, -0.2559204, 0.31819725, 0.5363312)
curve = SubResource("Curve3D_f02o3")

[node name="CarFollower" type="Node3D" parent="."]
transform = Transform3D(-0.115325324, 0.0414615, 0.9923406, 0, 0.9989787, -0.041741267, -0.9932213, -0.004814195, -0.11522307, -2.8559113, -0.23949385, 0.2235527)
script = ExtResource("18_car")
road_container_path = NodePath("Node3D/RoadManager/Road_001")
start_road_point_path = NodePath("../Node3D/RoadManager/Road_001/RP_019")

[node name="Carro" parent="CarFollower" instance=ExtResource("17_0fa2x")]
transform = Transform3D(1.0000002, 0, 0, 0, 1.0000002, 0, 0, 0, 1, -0.00012588501, 0.58342606, -0.009887695)
