[gd_scene load_steps=6 format=3 uid="uid://c4a6bxjt84we0"]

[ext_resource type="PackedScene" uid="uid://crvhgyfvyr5l4" path="res://scenes/terrain_1.tscn" id="1_pw63i"]
[ext_resource type="PackedScene" uid="uid://dfmyjabbccxsr" path="res://scenes/terrain_2.tscn" id="2_7ykc4"]
[ext_resource type="Script" uid="uid://dl7l87n055idr" path="res://scripts/road_car_follower.gd" id="3_pu3yx"]
[ext_resource type="PackedScene" uid="uid://mn4hil24fehx" path="res://scenes/Carro.tscn" id="4_gubc5"]
[ext_resource type="PackedScene" uid="uid://c5hksj70ixl23" path="res://scenes/terrain_3.tscn" id="6_c16ls"]

[node name="Node3D" type="Node3D"]

[node name="DirectionalLight3D" type="DirectionalLight3D" parent="."]
transform = Transform3D(-0.8660254, -0.43301278, 0.25, 0, 0.49999997, 0.86602545, -0.50000006, 0.75, -0.43301266, 0, 117.98833, -23.353912)
light_color = Color(0.48333794, 0.6493677, 1, 1)
light_energy = 0.437
light_volumetric_fog_energy = 0.0
shadow_enabled = true
shadow_blur = 10.0

[node name="terrain_1" parent="." instance=ExtResource("1_pw63i")]

[node name="terrain_2" parent="." instance=ExtResource("2_7ykc4")]
transform = Transform3D(1, 0, 0, 0, 1, 0, 0, 0, -1.0000541, 0, 0, 509.22595)

[node name="RP_032" parent="terrain_2/Terrain/Node3D/RoadManager/Road_001" index="40"]
transform = Transform3D(0.25136515, 0.35149294, 0.9018141, -0.017368447, 0.93321764, -0.3588919, -0.9677369, 0.074549824, 0.24068353, 1.3396049, 246.64803, 853.88513)

[node name="CarFollower" type="Node3D" parent="."]
transform = Transform3D(-0.115325324, 0.0414615, 0.9923406, 0, 0.9989787, -0.041741267, -0.9932213, -0.004814195, -0.11522307, -2.8559113, -0.23949385, 0.2235527)
script = ExtResource("3_pu3yx")
road_container_path = NodePath("../terrain_1/Terrain/Node3D/RoadManager/Road_001")
start_road_point_path = NodePath("../terrain_1/Terrain/Node3D/RoadManager/Road_001/RP_042")
loop_road_point_path = NodePath("../terrain_1/Terrain/Node3D/RoadManager/Road_001/RP_043")

[node name="Carro" parent="CarFollower" instance=ExtResource("4_gubc5")]
transform = Transform3D(1.0000002, 0, 0, 0, 1.0000002, 0, 0, 0, 1, -0.00012588501, 0.58342606, -0.009887695)

[node name="terrain_3" parent="." instance=ExtResource("6_c16ls")]
transform = Transform3D(-1.00563, 0, 0, 0, 1, 0, 0, 0, -1.0048895, 0.67458725, 0.026493073, 510.85474)

[node name="RP_030" parent="terrain_3/Terrain/Node3D/RoadManager/Road_001" index="19"]
transform = Transform3D(-0.29530925, 0.30280924, 0.9061456, -0.0024217265, 0.94820434, -0.3176534, -0.955399, -0.096000366, -0.27928025, 1.5618694, 246.686, 858.01)

[editable path="terrain_1"]
[editable path="terrain_2"]
[editable path="terrain_3"]
