[gd_scene load_steps=15 format=3 uid="uid://c4a6bxjt84we0"]

[ext_resource type="PackedScene" uid="uid://mn4hil24fehx" path="res://scenes/Carro.tscn" id="2_rt2n2"]
[ext_resource type="Resource" uid="uid://d1ecu80vigub" path="res://dialogue/testdialogue.dialogue" id="3_7ykc4"]
[ext_resource type="ArrayMesh" uid="uid://dghmujrcvkars" path="res://assets/Tree2.obj" id="4_pu3yx"]
[ext_resource type="PackedScene" uid="uid://bnlpmggkpjkmy" path="res://scenes/player.tscn" id="5_gubc5"]
[ext_resource type="PackedScene" uid="uid://cojrhsl6hw8jv" path="res://scenes/road.tscn" id="6_c16ls"]
[ext_resource type="Script" uid="uid://b3bcv1ttmw6h" path="res://scripts/bebe_script.gd" id="6_rt2n2"]

[sub_resource type="ProceduralSkyMaterial" id="ProceduralSkyMaterial_o3jxj"]
sky_horizon_color = Color(0.66224277, 0.6717428, 0.6867428, 1)
ground_horizon_color = Color(0.66224277, 0.6717428, 0.6867428, 1)

[sub_resource type="Sky" id="Sky_0f027"]
sky_material = SubResource("ProceduralSkyMaterial_o3jxj")

[sub_resource type="Environment" id="Environment_2c62f"]
background_mode = 2
sky = SubResource("Sky_0f027")
tonemap_mode = 2
glow_enabled = true

[sub_resource type="Skin" id="Skin_c16ls"]

[sub_resource type="ConcavePolygonShape3D" id="ConcavePolygonShape3D_c16ls"]

[sub_resource type="ConcavePolygonShape3D" id="ConcavePolygonShape3D_rt2n2"]

[sub_resource type="WorldBoundaryShape3D" id="WorldBoundaryShape3D_w2twt"]

[sub_resource type="PlaneMesh" id="PlaneMesh_gyfs4"]

[node name="Node3D" type="Node3D"]

[node name="WorldEnvironment" type="WorldEnvironment" parent="."]
environment = SubResource("Environment_2c62f")

[node name="DirectionalLight3D" type="DirectionalLight3D" parent="."]
transform = Transform3D(-0.8660254, -0.43301278, 0.25, 0, 0.49999997, 0.86602545, -0.50000006, 0.75, -0.43301266, 0, 5.591373, -23.353912)
shadow_enabled = true

[node name="Carro" parent="." instance=ExtResource("2_rt2n2")]
transform = Transform3D(1, 0, 0, 0, 1, 0, 0, 0, 1, 0, 5.51299, 0)

[node name="Bebe" type="StaticBody3D" parent="."]
transform = Transform3D(0.1, 0, 0, 0, 0.1, 0, 0, 0, 0.1, -5.2623596, 0.45536804, 1.31322)
collision_layer = 2
collision_mask = 2
script = ExtResource("6_rt2n2")
dialogue = ExtResource("3_7ykc4")

[node name="MeshInstance3D" type="MeshInstance3D" parent="Bebe"]
skin = SubResource("Skin_c16ls")

[node name="CollisionShape3D" type="CollisionShape3D" parent="Bebe"]
transform = Transform3D(10, 0, 0, 0, 10, 0, 0, 0, 10, 52.623596, -4.5536804, -13.1322)
shape = SubResource("ConcavePolygonShape3D_c16ls")

[node name="Tree" type="StaticBody3D" parent="."]
transform = Transform3D(1, 0, 0, 0, 1, 0, 0, 0, 1, 9.580919, 0, 5.7369237)

[node name="MeshInstance3D2" type="MeshInstance3D" parent="Tree"]
transform = Transform3D(0.82857996, -0.22142936, -0.51422197, 0.18814231, 0.9751764, -0.1167623, 0.52731174, 0, 0.8496719, -0.7542534, 0, 6.7506833)
mesh = ExtResource("4_pu3yx")
skeleton = NodePath("../..")

[node name="CollisionShape3D" type="CollisionShape3D" parent="Tree"]
shape = SubResource("ConcavePolygonShape3D_rt2n2")

[node name="Floor" type="StaticBody3D" parent="."]
transform = Transform3D(20, 0, 0, 0, 20, 0, 0, 0, 20, -2.395, 0, -0.13)

[node name="CollisionShape3D" type="CollisionShape3D" parent="Floor"]
shape = SubResource("WorldBoundaryShape3D_w2twt")

[node name="MeshInstance3D" type="MeshInstance3D" parent="Floor"]
transform = Transform3D(1, 0, 0, 0, 1, 0, 0, 0, 1, 0.66272706, -0.0042841914, -0.0012322906)
mesh = SubResource("PlaneMesh_gyfs4")
skeleton = NodePath("../..")

[node name="Tree2" type="StaticBody3D" parent="."]
transform = Transform3D(1, 0, 0, 0, 1, 0, 0, 0, 1, 9.580919, 0, 5.9658313)

[node name="MeshInstance3D2" type="MeshInstance3D" parent="Tree2"]
transform = Transform3D(0.9274386, 0, 0.3739754, 0.08584873, 0.9732952, -0.21290016, -0.36398846, 0.22955714, 0.9026716, -12.44493, 0, 1.4276824)
mesh = ExtResource("4_pu3yx")
skeleton = NodePath("../..")

[node name="CollisionShape3D" type="CollisionShape3D" parent="Tree2"]
shape = SubResource("ConcavePolygonShape3D_rt2n2")

[node name="Tree3" type="StaticBody3D" parent="."]
transform = Transform3D(1, 0, 0, 0, 1, 0, 0, 0, 1, 9.580919, 0, 11.04748)

[node name="MeshInstance3D2" type="MeshInstance3D" parent="Tree3"]
transform = Transform3D(0.5026144, -0.045257825, -0.86332536, 0.022577176, 0.99897534, -0.039224885, 0.86421585, 0.00022354483, 0.5031211, 0, 0, -23.091177)
mesh = ExtResource("4_pu3yx")
skeleton = NodePath("../..")

[node name="CollisionShape3D" type="CollisionShape3D" parent="Tree3"]
shape = SubResource("ConcavePolygonShape3D_rt2n2")

[node name="Tree4" type="StaticBody3D" parent="."]
transform = Transform3D(0.8056699, 0, 0.5923647, 0, 1, 0, -0.5923647, 0, 0.8056699, 14.7144985, 0, 5.7369237)

[node name="MeshInstance3D2" type="MeshInstance3D" parent="Tree4"]
transform = Transform3D(0.99989885, -0.014215534, -7.4237585e-05, 0.014215534, 0.9998444, 0.0104519, -7.429719e-05, -0.010451899, 0.99994504, 21.43412, 0, -9.69948)
mesh = ExtResource("4_pu3yx")
skeleton = NodePath("../..")

[node name="CollisionShape3D" type="CollisionShape3D" parent="Tree4"]
shape = SubResource("ConcavePolygonShape3D_rt2n2")

[node name="Tree5" type="StaticBody3D" parent="."]
transform = Transform3D(1, 0, 0, 0, 1, 0, 0, 0, 1, 9.580919, 0, 5.7369237)

[node name="MeshInstance3D2" type="MeshInstance3D" parent="Tree5"]
mesh = ExtResource("4_pu3yx")
skeleton = NodePath("../..")

[node name="CollisionShape3D" type="CollisionShape3D" parent="Tree5"]
shape = SubResource("ConcavePolygonShape3D_rt2n2")

[node name="Tree6" type="StaticBody3D" parent="."]
transform = Transform3D(1, 0, 0, 0, 1, 0, 0, 0, 1, -4.918186, 0, -5.7562227)

[node name="MeshInstance3D2" type="MeshInstance3D" parent="Tree6"]
transform = Transform3D(1, 0, 0, 0, 1, 0, 0, 0, 1, 0, 0, -8.037861)
mesh = ExtResource("4_pu3yx")
skeleton = NodePath("../..")

[node name="CollisionShape3D" type="CollisionShape3D" parent="Tree6"]
shape = SubResource("ConcavePolygonShape3D_rt2n2")

[node name="Tree7" type="StaticBody3D" parent="."]
transform = Transform3D(1, 0, 0, 0, 1, 0, 0, 0, 1, -4.199029, 0, 7.5292754)

[node name="MeshInstance3D2" type="MeshInstance3D" parent="Tree7"]
transform = Transform3D(1, 0, 0, 0, 1, 0, 0, 0, 1, 0, 0, 7.2352185)
mesh = ExtResource("4_pu3yx")
skeleton = NodePath("../..")

[node name="CollisionShape3D" type="CollisionShape3D" parent="Tree7"]
shape = SubResource("ConcavePolygonShape3D_rt2n2")

[node name="MeshInstance3D2" type="MeshInstance3D" parent="."]
transform = Transform3D(1, 0, 0, 0, 1, 0, 0, 0, 1, 16.66554, 0, -10.406183)
mesh = ExtResource("4_pu3yx")
skeleton = NodePath("../..")

[node name="Player" parent="." instance=ExtResource("5_gubc5")]

[node name="Road" parent="." instance=ExtResource("6_c16ls")]
transform = Transform3D(0.49836063, 0, -0.04045609, 0, 0.5, 0, 0.04045609, 0, 0.49836063, -7.716419, 3.2224026, -16.083458)
