<<<<<<< Updated upstream
[gd_scene load_steps=15 format=3 uid="uid://c4a6bxjt84we0"]

[ext_resource type="PackedScene" uid="uid://mn4hil24fehx" path="res://scenes/Carro.tscn" id="2_rt2n2"]
[ext_resource type="Resource" uid="uid://d1ecu80vigub" path="res://dialogue/testdialogue.dialogue" id="3_7ykc4"]
[ext_resource type="ArrayMesh" uid="uid://dghmujrcvkars" path="res://assets/Tree2.obj" id="4_pu3yx"]
[ext_resource type="PackedScene" uid="uid://bnlpmggkpjkmy" path="res://scenes/player.tscn" id="5_gubc5"]
[ext_resource type="PackedScene" uid="uid://cojrhsl6hw8jv" path="res://scenes/road.tscn" id="6_c16ls"]
[ext_resource type="Script" uid="uid://b3bcv1ttmw6h" path="res://scripts/bebe_script.gd" id="6_rt2n2"]

[sub_resource type="ProceduralSkyMaterial" id="ProceduralSkyMaterial_o3jxj"]
sky_horizon_color = Color(0.66224277, 0.6717428, 0.6867428, 1)
ground_horizon_color = Color(0.66224277, 0.6717428, 0.6867428, 1)

[sub_resource type="Sky" id="Sky_0f027"]
sky_material = SubResource("ProceduralSkyMaterial_o3jxj")
=======
[gd_scene load_steps=5 format=3 uid="uid://c4a6bxjt84we0"]

[ext_resource type="PackedScene" uid="uid://cbj1qjxm0gm3g" path="res://scenes/tree.tscn" id="6_18nlu"]
[ext_resource type="PackedScene" uid="uid://b5d3uht1nyf1g" path="res://scenes/terrain/terrain_1.tscn" id="7_c16ls"]
[ext_resource type="Script" path="res://scripts/game_manager.gd" id="8_18nlu"]
>>>>>>> Stashed changes

[sub_resource type="Environment" id="Environment_2c62f"]
background_mode = 2
sky = SubResource("Sky_0f027")
tonemap_mode = 2
glow_enabled = true

[sub_resource type="Skin" id="Skin_c16ls"]

[sub_resource type="ConcavePolygonShape3D" id="ConcavePolygonShape3D_c16ls"]

[sub_resource type="ConcavePolygonShape3D" id="ConcavePolygonShape3D_rt2n2"]

[sub_resource type="WorldBoundaryShape3D" id="WorldBoundaryShape3D_w2twt"]

[sub_resource type="PlaneMesh" id="PlaneMesh_gyfs4"]

[node name="Node3D" type="Node3D"]

[node name="WorldEnvironment" type="WorldEnvironment" parent="."]
<<<<<<< Updated upstream
environment = SubResource("Environment_2c62f")
=======
>>>>>>> Stashed changes

[node name="DirectionalLight3D" type="DirectionalLight3D" parent="."]
transform = Transform3D(-0.8660254, -0.43301278, 0.25, 0, 0.49999997, 0.86602545, -0.50000006, 0.75, -0.43301266, 0, 5.591373, -23.353912)
shadow_enabled = true

[node name="Carro" parent="." instance=ExtResource("2_rt2n2")]
transform = Transform3D(1, 0, 0, 0, 1, 0, 0, 0, 1, 0, 5.51299, 0)

[node name="Bebe" type="StaticBody3D" parent="."]
transform = Transform3D(0.1, 0, 0, 0, 0.1, 0, 0, 0, 0.1, -5.2623596, 0.45536804, 1.31322)
collision_layer = 2
collision_mask = 2
script = ExtResource("6_rt2n2")
dialogue = ExtResource("3_7ykc4")

[node name="MeshInstance3D" type="MeshInstance3D" parent="Bebe"]
skin = SubResource("Skin_c16ls")

[node name="CollisionShape3D" type="CollisionShape3D" parent="Bebe"]
transform = Transform3D(10, 0, 0, 0, 10, 0, 0, 0, 10, 52.623596, -4.5536804, -13.1322)
shape = SubResource("ConcavePolygonShape3D_c16ls")

[node name="Tree" type="StaticBody3D" parent="."]
transform = Transform3D(1, 0, 0, 0, 1, 0, 0, 0, 1, 9.580919, 0, 5.7369237)

<<<<<<< Updated upstream
[node name="MeshInstance3D2" type="MeshInstance3D" parent="Tree"]
transform = Transform3D(0.82857996, -0.22142936, -0.51422197, 0.18814231, 0.9751764, -0.1167623, 0.52731174, 0, 0.8496719, -0.7542534, 0, 6.7506833)
mesh = ExtResource("4_pu3yx")
skeleton = NodePath("../..")
=======
[node name="Tree3" parent="Forest" instance=ExtResource("6_18nlu")]
transform = Transform3D(0.9956307, 0.023826355, 0.09028757, 0, 0.96689916, -0.2551589, -0.09337849, 0.25404403, 0.96267396, 16.251564, -59.679234, 0.8707123)
>>>>>>> Stashed changes

[node name="CollisionShape3D" type="CollisionShape3D" parent="Tree"]
shape = SubResource("ConcavePolygonShape3D_rt2n2")

[node name="Floor" type="StaticBody3D" parent="."]
transform = Transform3D(20, 0, 0, 0, 20, 0, 0, 0, 20, -2.395, 0, -0.13)

[node name="CollisionShape3D" type="CollisionShape3D" parent="Floor"]
shape = SubResource("WorldBoundaryShape3D_w2twt")

[node name="MeshInstance3D" type="MeshInstance3D" parent="Floor"]
transform = Transform3D(1, 0, 0, 0, 1, 0, 0, 0, 1, 0.66272706, -0.0042841914, -0.0012322906)
mesh = SubResource("PlaneMesh_gyfs4")
skeleton = NodePath("../..")

[node name="Tree2" type="StaticBody3D" parent="."]
transform = Transform3D(1, 0, 0, 0, 1, 0, 0, 0, 1, 9.580919, 0, 5.9658313)

[node name="MeshInstance3D2" type="MeshInstance3D" parent="Tree2"]
transform = Transform3D(0.9274386, 0, 0.3739754, 0.08584873, 0.9732952, -0.21290016, -0.36398846, 0.22955714, 0.9026716, -12.44493, 0, 1.4276824)
mesh = ExtResource("4_pu3yx")
skeleton = NodePath("../..")

[node name="CollisionShape3D" type="CollisionShape3D" parent="Tree2"]
shape = SubResource("ConcavePolygonShape3D_rt2n2")

[node name="Tree3" type="StaticBody3D" parent="."]
transform = Transform3D(1, 0, 0, 0, 1, 0, 0, 0, 1, 9.580919, 0, 11.04748)

[node name="MeshInstance3D2" type="MeshInstance3D" parent="Tree3"]
transform = Transform3D(0.5026144, -0.045257825, -0.86332536, 0.022577176, 0.99897534, -0.039224885, 0.86421585, 0.00022354483, 0.5031211, 0, 0, -23.091177)
mesh = ExtResource("4_pu3yx")
skeleton = NodePath("../..")

[node name="CollisionShape3D" type="CollisionShape3D" parent="Tree3"]
shape = SubResource("ConcavePolygonShape3D_rt2n2")

[node name="Tree4" type="StaticBody3D" parent="."]
transform = Transform3D(0.8056699, 0, 0.5923647, 0, 1, 0, -0.5923647, 0, 0.8056699, 14.7144985, 0, 5.7369237)

[node name="MeshInstance3D2" type="MeshInstance3D" parent="Tree4"]
transform = Transform3D(0.99989885, -0.014215534, -7.4237585e-05, 0.014215534, 0.9998444, 0.0104519, -7.429719e-05, -0.010451899, 0.99994504, 21.43412, 0, -9.69948)
mesh = ExtResource("4_pu3yx")
skeleton = NodePath("../..")

[node name="CollisionShape3D" type="CollisionShape3D" parent="Tree4"]
shape = SubResource("ConcavePolygonShape3D_rt2n2")

[node name="Tree5" type="StaticBody3D" parent="."]
transform = Transform3D(1, 0, 0, 0, 1, 0, 0, 0, 1, 9.580919, 0, 5.7369237)

[node name="MeshInstance3D2" type="MeshInstance3D" parent="Tree5"]
mesh = ExtResource("4_pu3yx")
skeleton = NodePath("../..")

[node name="CollisionShape3D" type="CollisionShape3D" parent="Tree5"]
shape = SubResource("ConcavePolygonShape3D_rt2n2")

[node name="Tree6" type="StaticBody3D" parent="."]
transform = Transform3D(1, 0, 0, 0, 1, 0, 0, 0, 1, -4.918186, 0, -5.7562227)

[node name="MeshInstance3D2" type="MeshInstance3D" parent="Tree6"]
transform = Transform3D(1, 0, 0, 0, 1, 0, 0, 0, 1, 0, 0, -8.037861)
mesh = ExtResource("4_pu3yx")
skeleton = NodePath("../..")

[node name="CollisionShape3D" type="CollisionShape3D" parent="Tree6"]
shape = SubResource("ConcavePolygonShape3D_rt2n2")

[node name="Tree7" type="StaticBody3D" parent="."]
transform = Transform3D(1, 0, 0, 0, 1, 0, 0, 0, 1, -4.199029, 0, 7.5292754)

[node name="MeshInstance3D2" type="MeshInstance3D" parent="Tree7"]
transform = Transform3D(1, 0, 0, 0, 1, 0, 0, 0, 1, 0, 0, 7.2352185)
mesh = ExtResource("4_pu3yx")
skeleton = NodePath("../..")

[node name="CollisionShape3D" type="CollisionShape3D" parent="Tree7"]
shape = SubResource("ConcavePolygonShape3D_rt2n2")

[node name="MeshInstance3D2" type="MeshInstance3D" parent="."]
transform = Transform3D(1, 0, 0, 0, 1, 0, 0, 0, 1, 16.66554, 0, -10.406183)
mesh = ExtResource("4_pu3yx")
skeleton = NodePath("../..")

[node name="Player" parent="." instance=ExtResource("5_gubc5")]

<<<<<<< Updated upstream
[node name="Road" parent="." instance=ExtResource("6_c16ls")]
transform = Transform3D(0.49836063, 0, -0.04045609, 0, 0.5, 0, 0.04045609, 0, 0.49836063, -7.716419, 3.2224026, -16.083458)
=======
[node name="Tree28" parent="Forest" instance=ExtResource("6_18nlu")]
transform = Transform3D(0.99983037, -0.018327521, -0.0018083155, 0.018327521, 0.98054963, 0.19541374, -0.0018083081, -0.19541374, 0.9807192, 103.30227, -107.24581, 14.0205765)

[node name="Tree29" parent="Forest" instance=ExtResource("6_18nlu")]
transform = Transform3D(1, 0, 0, 0, 1, 0, 0, 0, 1, 146.37096, -92.81035, -43.196217)

[node name="Tree30" parent="Forest" instance=ExtResource("6_18nlu")]
transform = Transform3D(1, 0, 0, 0, 1, 0, 0, 0, 1, 56.545296, -93.520706, 121.13307)

[node name="Tree31" parent="Forest" instance=ExtResource("6_18nlu")]
transform = Transform3D(1, 0, 0, 0, 1, 0, 0, 0, 1, 87.759865, -102.912415, 35.421234)

[node name="Tree34" parent="Forest" instance=ExtResource("6_18nlu")]
transform = Transform3D(0.9991606, 0, -0.04098621, 0, 1, 0, 0.04098621, 0, 0.9991606, 156.32367, -73.50891, 68.53407)

[node name="Tree35" parent="Forest" instance=ExtResource("6_18nlu")]
transform = Transform3D(0.99149245, 0.13016261, 0.0007979125, -0.13016261, 0.9914175, 0.012207729, 0.0007979199, -0.012207729, 0.9999251, 10.30735, -63.212334, 57.103485)

[node name="Tree36" parent="Forest" instance=ExtResource("6_18nlu")]
transform = Transform3D(0.99455696, 0.10419271, 0.0005104989, -0.10419271, 0.9945091, 0.009772057, 0.00051049143, -0.009772057, 0.99995214, 17.585892, -76.77888, 36.59723)

[node name="Tree37" parent="Forest" instance=ExtResource("6_18nlu")]
transform = Transform3D(0.9999162, 0.012945525, 7.852912e-06, -0.012945525, 0.9999155, 0.0012141387, 7.8603625e-06, -0.0012141387, 0.9999992, -1.8357773, -55.357903, 9.748768)

[node name="Tree38" parent="Forest" instance=ExtResource("6_18nlu")]
transform = Transform3D(1, 0, 0, 0, 1, 0, 0, 0, 1, 9.586472, -55.357903, 8.67749)

[node name="Tree39" parent="Forest" instance=ExtResource("6_18nlu")]
transform = Transform3D(0.27173752, 0.14150475, 0.9519114, -0.028564077, 0.98988104, -0.13899502, -0.9619473, 0.01057971, 0.27302974, 55.899498, -83.7806, 4.3338737)

[node name="Tree40" parent="Forest" instance=ExtResource("6_18nlu")]
transform = Transform3D(0.99099755, 0.0513103, -0.12365805, -0.023516914, 0.9759967, 0.2165121, 0.13179916, -0.21165492, 0.9684169, 25.714577, -72.11021, 54.86487)

[node name="Tree41" parent="Forest" instance=ExtResource("6_18nlu")]
transform = Transform3D(0.91936994, 0.007842082, 0.3933163, -0.0015335374, 0.9998651, -0.016351053, -0.39339146, 0.014429501, 0.91925794, 21.576263, -57.048664, 76.41513)

[node name="Tree42" parent="Forest" instance=ExtResource("6_18nlu")]
transform = Transform3D(1, 0, 0, 0, 1, 0, 0, 0, 1, 6.3992233, -69.78501, -16.93266)

[node name="Tree43" parent="Forest" instance=ExtResource("6_18nlu")]
transform = Transform3D(1, 0, 0, 0, 1, 0, 0, 0, 1, -8.911324, -72.30813, 52.010895)

[node name="Tree44" parent="Forest" instance=ExtResource("6_18nlu")]
transform = Transform3D(1, 0, 0, 0, 1, 0, 0, 0, 1, -12.587097, -53.711708, 81.39125)

[node name="Tree45" parent="Forest" instance=ExtResource("6_18nlu")]
transform = Transform3D(0.9605001, -0.27825603, 0.003704667, 0.278256, 0.9601525, -0.02609716, 0.0037046447, 0.026097149, 0.9996525, 111.43607, -69.7139, 69.759285)

[node name="Tree46" parent="Forest" instance=ExtResource("6_18nlu")]
transform = Transform3D(1, 0, 0, 0, 1, 0, 0, 0, 1, 81.54246, -121.69005, -26.520813)

[node name="Tree47" parent="Forest" instance=ExtResource("6_18nlu")]
transform = Transform3D(1, 0, 0, 0, 1, 0, 0, 0, 1, 39.783356, -95.78757, 68.13172)

[node name="Tree48" parent="Forest" instance=ExtResource("6_18nlu")]
transform = Transform3D(1, 0, 0, 0, 1, 0, 0, 0, 1, 42.989426, -99.6528, 113.92497)

[node name="Tree49" parent="Forest" instance=ExtResource("6_18nlu")]
transform = Transform3D(0.9802134, 0.1979349, 0.0018557459, -0.19793487, 0.98003936, 0.018563973, 0.0018557608, -0.018563975, 0.99982595, 40.16545, -78.83568, 75.58975)

[node name="Tree50" parent="Forest" instance=ExtResource("6_18nlu")]
transform = Transform3D(1, 0, 0, 0, 1, 0, 0, 0, 1, 117.95092, -92.81035, -40.530746)

[node name="Tree51" parent="Forest" instance=ExtResource("6_18nlu")]
transform = Transform3D(1, 0, 0, 0, 1, 0, 0, 0, 1, 49.914635, -97.736916, 98.75769)

[node name="Tree52" parent="Forest" instance=ExtResource("6_18nlu")]
transform = Transform3D(0.97155076, 0.23681615, 0.0026681945, -0.23681615, 0.97130054, 0.022210581, 0.002668202, -0.02221058, 0.9997497, 40.354485, -79.771, 57.1075)

[node name="Tree53" parent="Forest" instance=ExtResource("6_18nlu")]
transform = Transform3D(1, 0, 0, 0, 1, 0, 0, 0, 1, -15.192757, -61.61112, 143.69902)

[node name="Tree54" parent="Forest" instance=ExtResource("6_18nlu")]
transform = Transform3D(0.9910406, 0.13356175, 9.250641e-05, -0.13227826, 0.9814201, 0.13898502, 0.018472292, -0.13775203, 0.9902944, 44.255432, -70.64065, -4.1506195)

[node name="Tree55" parent="Forest" instance=ExtResource("6_18nlu")]
transform = Transform3D(0.99916047, 0, -0.040986225, 0, 1, 0, 0.040986225, 0, 0.99916047, 127.11997, -71.06392, 62.844147)

[node name="Tree57" parent="Forest" instance=ExtResource("6_18nlu")]
transform = Transform3D(1, 0, 0, 0, 1, 0, 0, 0, 1, -10.8341675, -76.77888, 39.262695)

[node name="Tree58" parent="Forest" instance=ExtResource("6_18nlu")]
transform = Transform3D(1, 0, 0, 0, 1, 0, 0, 0, 1, 25.019821, -65.157166, -14.531666)

[node name="Tree58" parent="Forest/Tree58" instance=ExtResource("6_18nlu")]
transform = Transform3D(0.9949038, 0.100330725, -0.01001665, -0.10082947, 0.98990154, -0.09964172, -8.161366e-05, 0.100143895, 0.99497324, 7.282524, -1.9470596, -9.70182)

[node name="Tree59" parent="Forest" instance=ExtResource("6_18nlu")]
transform = Transform3D(1, 0, 0, 0, 1, 0, 0, 0, 1, -27.529709, -55.357903, 12.158554)

[node name="Tree60" parent="Forest" instance=ExtResource("6_18nlu")]
transform = Transform3D(1, 0, 0, 0, 1, 0, 0, 0, 1, -27.529709, -55.357903, 12.158554)

[node name="Tree61" parent="Forest" instance=ExtResource("6_18nlu")]
transform = Transform3D(1, 0, 0, 0, 1, 0, 0, 0, 1, -27.529709, -55.357903, 12.158554)

[node name="Tree62" parent="Forest" instance=ExtResource("6_18nlu")]
transform = Transform3D(1, 0, 0, 0, 1, 0, 0, 0, 1, -27.529709, -55.357903, 12.158554)

[node name="Tree63" parent="Forest" instance=ExtResource("6_18nlu")]
transform = Transform3D(1, 0, 0, 0, 1, 0, 0, 0, 1, 34.819267, -69.78501, -19.598133)

[node name="Tree64" parent="Forest" instance=ExtResource("6_18nlu")]
transform = Transform3D(1, 0, 0, 0, 1, 0, 0, 0, 1, 19.508728, -72.30813, 49.345436)

[node name="Tree65" parent="Forest" instance=ExtResource("6_18nlu")]
transform = Transform3D(1, 0, 0, 0, 1, 0, 0, 0, 1, -27.441387, -52.517094, 82.78436)

[node name="Tree66" parent="Forest" instance=ExtResource("6_18nlu")]
transform = Transform3D(1, 0, 0, 0, 1, 0, 0, 0, 1, 139.85611, -69.482056, 67.093925)

[node name="Tree67" parent="Forest" instance=ExtResource("6_18nlu")]
transform = Transform3D(1, 0, 0, 0, 1, 0, 0, 0, 1, -4.2730865, -55.99011, -18.472334)

[node name="Tree68" parent="Forest" instance=ExtResource("6_18nlu")]
transform = Transform3D(1, 0, 0, 0, 1, 0, 0, 0, 1, 59.989754, -94.82588, 66.2366)

[node name="Tree69" parent="Forest" instance=ExtResource("6_18nlu")]
transform = Transform3D(1, 0, 0, 0, 1, 0, 0, 0, 1, 71.409485, -99.6528, 111.25951)

[node name="Tree70" parent="Forest" instance=ExtResource("6_18nlu")]
transform = Transform3D(1, 0, 0, 0, 1, 0, 0, 0, 1, 4.6042786, -97.65251, 20.618942)

[node name="Tree71" parent="Forest" instance=ExtResource("6_18nlu")]
transform = Transform3D(1, 0, 0, 0, 1, 0, 0, 0, 1, 146.37096, -92.81035, -43.196217)

[node name="Tree72" parent="Forest" instance=ExtResource("6_18nlu")]
transform = Transform3D(1, 0, 0, 0, 1, 0, 0, 0, 1, 78.33467, -97.736916, 96.09224)

[node name="Tree73" parent="Forest" instance=ExtResource("6_18nlu")]
transform = Transform3D(0.9993202, -0.036865633, 6.374717e-05, 0.036865633, 0.99931425, -0.0034575649, 6.375462e-05, 0.0034575653, 0.9999939, 50.30889, -81.83237, 146.89908)

[node name="Tree74" parent="Forest" instance=ExtResource("6_18nlu")]
transform = Transform3D(1, 0, 0, 0, 1, 0, 0, 0, 1, 8.314705, -57.25093, 141.49428)

[node name="Tree75" parent="Forest" instance=ExtResource("6_18nlu")]
transform = Transform3D(1, 0, 0, 0, 1, 0, 0, 0, 1, 72.67549, -107.82625, -6.8161087)

[node name="Tree76" parent="Forest" instance=ExtResource("6_18nlu")]
transform = Transform3D(0.99916035, 0, -0.040986232, 0, 1, 0, 0.040986232, 0, 0.99916035, 155.54004, -73.56353, 60.178665)

[node name="Tree78" parent="Forest" instance=ExtResource("6_18nlu")]
transform = Transform3D(1, 0, 0, 0, 1, 0, 0, 0, 1, 17.585892, -76.77888, 36.59723)

[node name="Tree79" parent="Forest" instance=ExtResource("6_18nlu")]
transform = Transform3D(1, 0, 0, 0, 1, 0, 0, 0, 1, 7.6532288, -57.156273, 81.60113)

[node name="Tree80" parent="Forest" instance=ExtResource("6_18nlu")]
transform = Transform3D(1, 0, 0, 0, 1, 0, 0, 0, 1, 32.333748, -72.66316, 138.55016)

[node name="Tree81" parent="Forest" instance=ExtResource("6_18nlu")]
transform = Transform3D(0.99504524, 0.0994218, 0.0004646927, -0.0994218, 0.9950017, 0.009324601, 0.00046470016, -0.009324601, 0.99995637, 26.623283, -65.37138, 66.16594)

[node name="Tree82" parent="Forest" instance=ExtResource("6_18nlu")]
transform = Transform3D(1, 0, 0, 0, 1, 0, 0, 0, 1, 30.302834, -59.98178, 178.4682)

[node name="Tree83" parent="Forest" instance=ExtResource("6_18nlu")]
transform = Transform3D(1, 0, 0, 0, 1, 0, 0, 0, 1, 45.433586, -69.39561, 194.67332)

[node name="Tree84" parent="Forest" instance=ExtResource("6_18nlu")]
transform = Transform3D(1, 0, 0, 0, 1, 0, 0, 0, 1, 20.401749, -59.95787, 195.32762)

[node name="Tree85" parent="Forest" instance=ExtResource("6_18nlu")]
transform = Transform3D(1, 0, 0, 0, 1, 0, 0, 0, 1, 76.17135, -106.573944, 44.03116)

[node name="Tree86" parent="Forest" instance=ExtResource("6_18nlu")]
transform = Transform3D(1, 0, 0, 0, 1, 0, 0, 0, 1, 164.92401, -71.990425, 64.74274)

[node name="Tree87" parent="Forest" instance=ExtResource("6_18nlu")]
transform = Transform3D(0.99612707, -0.08792627, 0.00019109249, 0.087794565, 0.9947493, 0.05259242, -0.0048143715, -0.052371956, 0.9986159, 147.93042, -69.547165, 153.18468)

[node name="Tree88" parent="Forest" instance=ExtResource("6_18nlu")]
transform = Transform3D(1, 0, 0, 0, 1, 0, 0, 0, 1, 169.94876, -90.78461, -34.812294)

[node name="Tree89" parent="Forest" instance=ExtResource("6_18nlu")]
transform = Transform3D(1, 0, 0, 0, 1, 0, 0, 0, 1, 148.2396, -73.53659, 57.9598)

[node name="Tree90" parent="Forest" instance=ExtResource("6_18nlu")]
transform = Transform3D(1, 0, 0, 0, 1, 0, 0, 0, 1, 136.96112, -63.89585, 84.82671)

[node name="Tree91" parent="Forest" instance=ExtResource("6_18nlu")]
transform = Transform3D(1, 0, 0, 0, 1, 0, 0, 0, 1, 132.268, -63.200954, 88.95627)

[node name="Tree92" parent="Forest" instance=ExtResource("6_18nlu")]
transform = Transform3D(1, 0, 0, 0, 1, 0, 0, 0, 1, 83.53568, -106.046265, 130.40248)

[node name="Tree93" parent="Forest" instance=ExtResource("6_18nlu")]
transform = Transform3D(1, 0, 0, 0, 1, 0, 0, 0, 1, 79.34153, -98.1704, 106.82765)

[node name="Tree94" parent="Forest" instance=ExtResource("6_18nlu")]
transform = Transform3D(1, 0, 0, 0, 1, 0, 0, 0, 1, 108.98568, -107.87267, 173.42941)

[node name="Tree95" parent="Forest" instance=ExtResource("6_18nlu")]
transform = Transform3D(1, 0, 0, 0, 1, 0, 0, 0, 1, 155.78015, -72.20134, 127.66376)

[node name="Tree96" parent="Forest" instance=ExtResource("6_18nlu")]
transform = Transform3D(0.99057096, -0.1369989, 0.0008843392, 0.1369989, 0.9904879, -0.012848893, 0.0008843392, 0.012848893, 0.9999169, 128.55939, -87.29943, 146.70605)

[node name="Tree97" parent="Forest" instance=ExtResource("6_18nlu")]
transform = Transform3D(0.99916005, 0, -0.040986262, 0, 1, 0, 0.040986262, 0, 0.99916005, 162.94318, -74.43526, 139.11348)

[node name="Tree98" parent="Forest" instance=ExtResource("6_18nlu")]
transform = Transform3D(1, 0, 0, 0, 1, 0, 0, 0, 1, 151.84271, -76.96776, 137.1283)

[node name="Tree99" parent="Forest" instance=ExtResource("6_18nlu")]
transform = Transform3D(1, 0, 0, 0, 1, 0, 0, 0, 1, 149.83167, -77.174576, 129.04993)

[node name="Tree100" parent="Forest" instance=ExtResource("6_18nlu")]
transform = Transform3D(1, 0, 0, 0, 1, 0, 0, 0, 1, 148.54596, -76.74559, 133.61438)

[node name="Tree101" parent="Forest" instance=ExtResource("6_18nlu")]
transform = Transform3D(1, 0, 0, 0, 1, 0, 0, 0, 1, 143.55814, -79.54818, 128.11862)

[node name="Tree102" parent="Forest" instance=ExtResource("6_18nlu")]
transform = Transform3D(0.93490154, -0.35485455, 0.00610546, 0.35485455, 0.9343288, -0.0332812, 0.006105475, 0.0332812, 0.99942696, 136.5748, -83.32429, 119.44011)

[node name="Tree103" parent="Forest" instance=ExtResource("6_18nlu")]
transform = Transform3D(0.9391786, -0.34338176, 0.005704336, 0.34338176, 0.9386436, -0.032205187, 0.005704336, 0.03220518, 0.999465, 148.95963, -75.038246, 118.29112)

[node name="Tree104" parent="Forest" instance=ExtResource("6_18nlu")]
transform = Transform3D(0.9992856, 0.037714396, 0.0024889633, -0.037796307, 0.99728537, 0.063194886, -9.88543e-05, -0.063243784, 0.9979982, 50.18406, -80.77584, 142.42143)

[node name="Tree105" parent="Forest" instance=ExtResource("6_18nlu")]
transform = Transform3D(-0.73632115, 0, 0.6766319, 0, 1, 0, -0.6766319, 0, -0.73632115, 25.391212, -71.07364, 134.23608)

[node name="Tree106" parent="Forest" instance=ExtResource("6_18nlu")]
transform = Transform3D(0.50442207, 0, 0.8634572, 0, 1, 0, -0.8634572, 0, 0.50442207, 30.117714, -72.98543, 133.27116)

[node name="Tree107" parent="Forest" instance=ExtResource("6_18nlu")]
transform = Transform3D(1, 0, 0, 0, 1, 0, 0, 0, 1, 34.63336, -74.00421, 140.35281)

[node name="Tree108" parent="Forest" instance=ExtResource("6_18nlu")]
transform = Transform3D(1, 0, 0, 0, 1, 0, 0, 0, 1, 28.53254, -72.55542, 138.90665)

[node name="Tree109" parent="Forest" instance=ExtResource("6_18nlu")]
transform = Transform3D(1, 0, 0, 0, 1, 0, 0, 0, 1, 26.027878, -72.00334, 139.14159)

[node name="Tree110" parent="Forest" instance=ExtResource("6_18nlu")]
transform = Transform3D(0.9999988, 0.0015335374, -1.2539327e-05, -0.0015335374, 0.9998651, -0.016351053, -1.2539327e-05, 0.016351053, 0.9998663, 17.883904, -56.03035, 76.76143)

[node name="Tree111" parent="Forest" instance=ExtResource("6_18nlu")]
transform = Transform3D(0.87195486, 0.006274709, 0.48954588, -0.0010299889, 0.99993914, -0.010982062, -0.48958504, 0.009071635, 0.8719084, 21.977692, -55.17832, 83.69419)

[node name="Tree112" parent="Forest" instance=ExtResource("6_18nlu")]
transform = Transform3D(0.9999988, 0.0015335374, -1.2539327e-05, -0.0015335374, 0.9998651, -0.016351053, -1.2539327e-05, 0.016351053, 0.9998663, 10.769981, -57.77227, 70.59321)

[node name="Tree113" parent="Forest" instance=ExtResource("6_18nlu")]
transform = Transform3D(0.93326527, 0.06664021, 0.35295203, -0.059076473, 0.9977349, -0.032172024, -0.35429645, 0.009173861, 0.9350882, 17.353004, -57.278378, 71.10086)

[node name="Tree114" parent="Forest" instance=ExtResource("6_18nlu")]
transform = Transform3D(0.9999988, 0.0015335374, -1.2539327e-05, -0.0015335374, 0.9998651, -0.016351053, -1.2539327e-05, 0.016351053, 0.9998663, 18.380035, -54.440712, 82.05141)

[node name="Tree115" parent="Forest" instance=ExtResource("6_18nlu")]
transform = Transform3D(1, 0, 0, 0, 1, 0, 0, 0, 1, 150.94214, -75.04709, 140.89014)

[node name="Tree116" parent="Forest" instance=ExtResource("6_18nlu")]
transform = Transform3D(1, 0, 0, 0, 1, 0, 0, 0, 1, 149.7001, -74.33459, 145.92033)

[node name="Tree117" parent="Forest" instance=ExtResource("6_18nlu")]
transform = Transform3D(1, 0, 0, 0, 1, 0, 0, 0, 1, 144.66855, -75.31233, 139.95886)

[node name="Tree118" parent="Forest" instance=ExtResource("6_18nlu")]
transform = Transform3D(0.93490154, -0.35485455, 0.00610546, 0.35485455, 0.9343288, -0.0332812, 0.006105475, 0.0332812, 0.99942696, 137.68527, -80.28807, 131.28032)

[node name="Tree119" parent="Forest" instance=ExtResource("6_18nlu")]
transform = Transform3D(0.9391786, -0.34338176, 0.005704336, 0.34338176, 0.9386436, -0.032205187, 0.005704336, 0.032205157, 0.999465, 149.82526, -77.58633, 127.52069)

[node name="Tree120" parent="Forest" instance=ExtResource("6_18nlu")]
transform = Transform3D(0.9808246, 0.14419658, 0.13111319, -0.1465149, 0.9891749, 0.008158972, -0.12851726, -0.02721254, 0.991334, 18.244537, -71.57269, 16.99633)

[node name="Tree121" parent="Forest" instance=ExtResource("6_18nlu")]
transform = Transform3D(0.9796753, 0.1439556, 0.13968997, -0.14651486, 0.98917484, 0.008158974, -0.13700318, -0.028459791, 0.9901615, 21.542427, -76.48794, 22.107166)

[node name="Tree122" parent="Forest" instance=ExtResource("6_18nlu")]
transform = Transform3D(0.9739554, 0.22672714, 0.0024426952, -0.22672714, 0.9737263, 0.021264352, 0.0024426952, -0.021264363, 0.9997709, 43.525467, -70.86743, 0.8122101)

[node name="Tree123" parent="Forest" instance=ExtResource("6_18nlu")]
transform = Transform3D(0.99998826, 0.0048349714, -0.00012471527, -0.0048349714, 0.9986586, -0.05155197, -0.00012470037, 0.05155197, 0.9986703, 99.72643, -91.27827, -49.8635)

[node name="Tree124" parent="Forest" instance=ExtResource("6_18nlu")]
transform = Transform3D(0.952236, -0.06858493, -0.297561, 0.06353873, 0.9976245, -0.026610112, 0.29867917, 0.006432461, 0.9543317, 133.8234, -96.47055, -36.004147)

[node name="Tree125" parent="Forest" instance=ExtResource("6_18nlu")]
transform = Transform3D(1, 0, 0, 0, 1, 0, 0, 0, 1, 112.7645, -92.992256, -42.60476)

[node name="Tree126" parent="Forest" instance=ExtResource("6_18nlu")]
transform = Transform3D(1, 0, 0, 0, 1, 0, 0, 0, 1, 129.43436, -83.41284, 29.49054)

[node name="Tree127" parent="Forest" instance=ExtResource("6_18nlu")]
transform = Transform3D(1, 0, 0, 0, 1, 0, 0, 0, 1, 171.3294, -51.03727, 96.95593)

[node name="Tree128" parent="Forest" instance=ExtResource("6_18nlu")]
transform = Transform3D(0.99987704, -0.015640104, -0.001313366, 0.015640106, 0.98587364, 0.16675968, -0.001313366, -0.16675964, 0.98599654, 120.926765, -75.1364, 45.53093)

[node name="Tree129" parent="Forest" instance=ExtResource("6_18nlu")]
transform = Transform3D(1, 0, 0, 0, 1, 0, 0, 0, 1, 139.10165, -69.71946, 59.049698)

[node name="Tree130" parent="Forest" instance=ExtResource("6_18nlu")]
transform = Transform3D(0.96050024, -0.27825603, 0.0037046596, 0.278256, 0.9601525, -0.02609716, 0.0037046298, 0.026097145, 0.9996524, 110.68162, -74.27267, 61.71515)

[node name="Tree131" parent="Forest" instance=ExtResource("6_18nlu")]
transform = Transform3D(0.99916023, 0, -0.040986247, 0, 1, 0, 0.040986247, 0, 0.99916023, 126.36553, -73.474884, 54.80001)

[node name="Tree132" parent="Forest" instance=ExtResource("6_18nlu")]
transform = Transform3D(0.9991606, 0, -0.04098621, 0, 1, 0, 0.04098621, 0, 0.9991606, 154.78558, -74.45634, 52.13453)

[node name="Tree133" parent="Forest" instance=ExtResource("6_18nlu")]
transform = Transform3D(1, 0, 0, 0, 1, 0, 0, 0, 1, 164.16931, -70.75865, 56.698624)

[node name="Tree134" parent="Forest" instance=ExtResource("6_18nlu")]
transform = Transform3D(1, 0, 0, 0, 1, 0, 0, 0, 1, 147.48514, -76.25503, 49.915665)

[node name="Tree135" parent="Forest" instance=ExtResource("6_18nlu")]
transform = Transform3D(1, 0, 0, 0, 1, 0, 0, 0, 1, 136.20679, -65.21894, 76.78256)

[node name="Tree136" parent="Forest" instance=ExtResource("6_18nlu")]
transform = Transform3D(1, 0, 0, 0, 1, 0, 0, 0, 1, 131.51355, -62.187428, 80.912125)

[node name="Tree137" parent="Forest" instance=ExtResource("6_18nlu")]
transform = Transform3D(0.99916106, 0, -0.040986165, 0, 1, 0, 0.040986165, 0, 0.99916106, 152.56436, -67.48606, 87.446304)

[node name="Tree138" parent="Forest" instance=ExtResource("6_18nlu")]
transform = Transform3D(0.9991609, 0, -0.040986188, 0, 1, 0, 0.040986188, 0, 0.9991609, 151.78073, -70.100006, 79.09104)

[node name="Tree139" parent="Forest" instance=ExtResource("6_18nlu")]
transform = Transform3D(1, 0, 0, 0, 1, 0, 0, 0, 1, 161.1647, -64.890045, 83.65493)

[node name="Tree140" parent="Forest" instance=ExtResource("6_18nlu")]
transform = Transform3D(1, 0, 0, 0, 1, 0, 0, 0, 1, 144.48029, -70.498276, 76.87197)

[node name="Tree141" parent="Forest" instance=ExtResource("6_18nlu")]
transform = Transform3D(0.999161, 0, -0.040986173, 0, 1, 0, 0.040986173, 0, 0.999161, 151.02634, -72.44223, 71.04671)

[node name="Tree142" parent="Forest" instance=ExtResource("6_18nlu")]
transform = Transform3D(1, 0, 0, 0, 1, 0, 0, 0, 1, 160.41016, -70.838104, 75.61078)

[node name="Tree143" parent="Forest" instance=ExtResource("6_18nlu")]
transform = Transform3D(1, 0, 0, 0, 1, 0, 0, 0, 1, 143.72562, -71.16725, 68.827866)

[node name="Tree144" parent="Forest" instance=ExtResource("6_18nlu")]
transform = Transform3D(1, 0, 0, 0, 1, 0, 0, 0, 1, 115.2519, -77.52493, 43.794518)

[node name="Tree146" parent="Forest" instance=ExtResource("6_18nlu")]
transform = Transform3D(1, 0, 0, 0, 1, 0, 0, 0, 1, 114.497505, -78.94269, 35.75038)

[node name="Tree147" parent="Forest" instance=ExtResource("6_18nlu")]
transform = Transform3D(0.99987704, -0.015640104, -0.001313366, 0.015640106, 0.98587364, 0.16675968, -0.001313366, -0.16675964, 0.98599654, 105.989876, -77.96117, 51.790764)

[node name="Tree148" parent="Forest" instance=ExtResource("6_18nlu")]
transform = Transform3D(1, 0, 0, 0, 1, 0, 0, 0, 1, 67.11137, -95.43422, 70.10022)

[node name="Tree149" parent="Forest" instance=ExtResource("6_18nlu")]
transform = Transform3D(0.99987704, -0.015640104, -0.001313366, 0.015640106, 0.98587364, 0.16675968, -0.001313366, -0.16675964, 0.98599654, 58.603783, -99.408966, 86.140594)

[node name="Tree150" parent="Forest" instance=ExtResource("6_18nlu")]
transform = Transform3D(1, 0, 0, 0, 1, 0, 0, 0, 1, 73.828575, -95.40648, 68.20468)

[node name="Tree151" parent="Forest" instance=ExtResource("6_18nlu")]
transform = Transform3D(0.9991604, 0, -0.040986232, 0, 1, 0, 0.040986232, 0, 0.9991604, 93.24624, -101.212494, 101.099625)

[node name="Tree152" parent="Forest" instance=ExtResource("6_18nlu")]
transform = Transform3D(0.99916035, 0, -0.040986232, 0, 1, 0, 0.040986232, 0, 0.99916035, 64.04258, -101.70984, 95.40968)

[node name="Tree153" parent="Forest" instance=ExtResource("6_18nlu")]
transform = Transform3D(1, 0, 0, 0, 1, 0, 0, 0, 1, 62.343025, -95.47245, 112.078186)

[node name="Tree154" parent="Forest" instance=ExtResource("6_18nlu")]
transform = Transform3D(1, 0, 0, 0, 1, 0, 0, 0, 1, 85.16221, -100.11654, 90.525345)

[node name="Tree155" parent="Forest" instance=ExtResource("6_18nlu")]
transform = Transform3D(1, 0, 0, 0, 1, 0, 0, 0, 1, 73.88375, -100.18802, 117.39226)

[node name="Tree156" parent="Forest" instance=ExtResource("6_18nlu")]
transform = Transform3D(1, 0, 0, 0, 1, 0, 0, 0, 1, 69.190605, -99.01544, 121.52182)

[node name="Tree157" parent="Forest" instance=ExtResource("6_18nlu")]
transform = Transform3D(1, 0, 0, 0, 1, 0, 0, 0, 1, 66.35696, -95.00074, 62.056076)

[node name="Tree158" parent="Forest" instance=ExtResource("6_18nlu")]
transform = Transform3D(1, 0, 0, 0, 1, 0, 0, 0, 1, 76.02421, -98.50342, 91.615234)

[node name="Tree159" parent="Forest" instance=ExtResource("6_18nlu")]
transform = Transform3D(0.9991605, 0, -0.040986218, 0, 1, 0, 0.040986218, 0, 0.9991605, 63.28811, -104.07388, 87.36557)

[node name="Tree160" parent="Forest" instance=ExtResource("6_18nlu")]
transform = Transform3D(0.9991604, 0, -0.040986232, 0, 1, 0, 0.040986232, 0, 0.9991604, 91.70818, -100.17088, 84.70008)

[node name="Tree161" parent="Forest" instance=ExtResource("6_18nlu")]
transform = Transform3D(1, 0, 0, 0, 1, 0, 0, 0, 1, 67.71917, -103.5777, 92.39418)

[node name="Tree162" parent="Forest" instance=ExtResource("6_18nlu")]
transform = Transform3D(1, 0, 0, 0, 1, 0, 0, 0, 1, 84.40772, -102.325, 82.48121)

[node name="Tree163" parent="Forest" instance=ExtResource("6_18nlu")]
transform = Transform3D(1, 0, 0, 0, 1, 0, 0, 0, 1, 73.12937, -98.435135, 109.3481)

[node name="Tree164" parent="Forest" instance=ExtResource("6_18nlu")]
transform = Transform3D(1, 0, 0, 0, 1, 0, 0, 0, 1, 68.436134, -99.29137, 113.47769)

[node name="Tree165" parent="Forest" instance=ExtResource("6_18nlu")]
transform = Transform3D(0.9991609, 0, -0.040986188, 0, 1, 0, 0.040986188, 0, 0.9991609, 89.48696, -106.47474, 120.011856)

[node name="Tree166" parent="Forest" instance=ExtResource("6_18nlu")]
transform = Transform3D(0.9991607, 0, -0.040986203, 0, 1, 0, 0.040986203, 0, 0.9991607, 88.703285, -102.39256, 111.656494)

[node name="Tree167" parent="Forest" instance=ExtResource("6_18nlu")]
transform = Transform3D(1, 0, 0, 0, 1, 0, 0, 0, 1, 98.08732, -104.887146, 116.220474)

[node name="Tree168" parent="Forest" instance=ExtResource("6_18nlu")]
transform = Transform3D(1, 0, 0, 0, 1, 0, 0, 0, 1, 97.33274, -100.42158, 108.176315)

[node name="Tree169" parent="Forest" instance=ExtResource("6_18nlu")]
transform = Transform3D(1, 0, 0, 0, 1, 0, 0, 0, 1, 52.174477, -92.547966, 76.36006)

[node name="Tree170" parent="Forest" instance=ExtResource("6_18nlu")]
transform = Transform3D(1, 0, 0, 0, 1, 0, 0, 0, 1, 58.89167, -94.826706, 74.46452)

[node name="Tree171" parent="Forest" instance=ExtResource("6_18nlu")]
transform = Transform3D(1, 0, 0, 0, 1, 0, 0, 0, 1, 51.420097, -91.14496, 68.31593)

[node name="Tree172" parent="Forest" instance=ExtResource("6_18nlu")]
transform = Transform3D(0.99987704, -0.015640104, -0.001313366, 0.015640106, 0.98587364, 0.16675968, -0.001313366, -0.16675964, 0.98599654, 58.301476, -99.66628, 96.994705)

[node name="Tree173" parent="Forest" instance=ExtResource("6_18nlu")]
transform = Transform3D(1, 0, 0, 0, 1, 0, 0, 0, 1, 1.9276352, -49.00007, 150.86674)

[node name="Tree174" parent="Forest" instance=ExtResource("6_18nlu")]
transform = Transform3D(0.99987704, -0.015640104, -0.001313366, 0.015640106, 0.98587364, 0.16675968, -0.001313366, -0.16675964, 0.98599654, -3.690239, -49.946945, 166.63612)

[node name="Tree175" parent="Forest" instance=ExtResource("6_18nlu")]
transform = Transform3D(1, 0, 0, 0, 1, 0, 0, 0, 1, -2.255745, -50.04003, 141.15309)

[node name="Tree176" parent="Forest" instance=ExtResource("6_18nlu")]
transform = Transform3D(0.99916047, 0, -0.040986225, 0, 1, 0, 0.040986225, 0, 0.99916047, 30.952187, -61.165558, 181.59514)

[node name="Tree177" parent="Forest" instance=ExtResource("6_18nlu")]
transform = Transform3D(0.9991604, 0, -0.040986232, 0, 1, 0, 0.040986232, 0, 0.9991604, 1.7485352, -56.11259, 175.90521)

[node name="Tree178" parent="Forest" instance=ExtResource("6_18nlu")]
transform = Transform3D(1, 0, 0, 0, 1, 0, 0, 0, 1, 39.552544, -60.85657, 177.80379)

[node name="Tree179" parent="Forest" instance=ExtResource("6_18nlu")]
transform = Transform3D(1, 0, 0, 0, 1, 0, 0, 0, 1, 22.868126, -55.386227, 171.02086)

[node name="Tree180" parent="Forest" instance=ExtResource("6_18nlu")]
transform = Transform3D(1, 0, 0, 0, 1, 0, 0, 0, 1, 11.589737, -62.490437, 197.88779)

[node name="Tree181" parent="Forest" instance=ExtResource("6_18nlu")]
transform = Transform3D(1, 0, 0, 0, 1, 0, 0, 0, 1, 6.8965607, -63.726044, 202.01735)

[node name="Tree182" parent="Forest" instance=ExtResource("6_18nlu")]
transform = Transform3D(1, 0, 0, 0, 1, 0, 0, 0, 1, 4.062912, -54.384373, 142.55162)

[node name="Tree183" parent="Forest" instance=ExtResource("6_18nlu")]
transform = Transform3D(1, 0, 0, 0, 1, 0, 0, 0, 1, 13.730202, -50.34988, 172.1107)

[node name="Tree184" parent="Forest" instance=ExtResource("6_18nlu")]
transform = Transform3D(0.9991606, 0, -0.04098621, 0, 1, 0, 0.04098621, 0, 0.9991606, 0.9940872, -49.68694, 167.86107)

[node name="Tree185" parent="Forest" instance=ExtResource("6_18nlu")]
transform = Transform3D(0.99916047, 0, -0.040986225, 0, 1, 0, 0.040986225, 0, 0.99916047, 29.414124, -61.75256, 165.19559)

[node name="Tree186" parent="Forest" instance=ExtResource("6_18nlu")]
transform = Transform3D(1, 0, 0, 0, 1, 0, 0, 0, 1, 33.93609, -58.75252, 170.21559)

[node name="Tree187" parent="Forest" instance=ExtResource("6_18nlu")]
transform = Transform3D(1, 0, 0, 0, 1, 0, 0, 0, 1, 22.11367, -58.758728, 162.9767)

[node name="Tree188" parent="Forest" instance=ExtResource("6_18nlu")]
transform = Transform3D(1, 0, 0, 0, 1, 0, 0, 0, 1, 10.8353195, -57.903824, 189.84363)

[node name="Tree189" parent="Forest" instance=ExtResource("6_18nlu")]
transform = Transform3D(1, 0, 0, 0, 1, 0, 0, 0, 1, 6.1420975, -64.79898, 193.97318)

[node name="Tree190" parent="Forest" instance=ExtResource("6_18nlu")]
transform = Transform3D(0.99916095, 0, -0.04098618, 0, 1, 0, 0.04098618, 0, 0.99916095, 27.192917, -66.3037, 200.50739)

[node name="Tree191" parent="Forest" instance=ExtResource("6_18nlu")]
transform = Transform3D(0.99916077, 0, -0.040986195, 0, 1, 0, 0.040986195, 0, 0.99916077, 26.409264, -63.25885, 192.15202)

[node name="Tree192" parent="Forest" instance=ExtResource("6_18nlu")]
transform = Transform3D(1, 0, 0, 0, 1, 0, 0, 0, 1, 35.793266, -64.90553, 196.71594)

[node name="Tree193" parent="Forest" instance=ExtResource("6_18nlu")]
transform = Transform3D(1, 0, 0, 0, 1, 0, 0, 0, 1, 35.038704, -63.12422, 188.67183)

[node name="Tree194" parent="Forest" instance=ExtResource("6_18nlu")]
transform = Transform3D(1, 0, 0, 0, 1, 0, 0, 0, 1, -10.119545, -52.16335, 156.85553)

[node name="Tree195" parent="Forest" instance=ExtResource("6_18nlu")]
transform = Transform3D(1, 0, 0, 0, 1, 0, 0, 0, 1, -3.4023514, -53.215652, 154.96004)

[node name="Tree196" parent="Forest" instance=ExtResource("6_18nlu")]
transform = Transform3D(1, 0, 0, 0, 1, 0, 0, 0, 1, -10.873955, -54.370987, 148.81146)

[node name="Tree198" parent="Forest" instance=ExtResource("6_18nlu")]
transform = Transform3D(1, 0, 0, 0, 1, 0, 0, 0, 1, -21.2952, -67.92674, -44.79941)

[node name="Tree199" parent="Forest" instance=ExtResource("6_18nlu")]
transform = Transform3D(0.99987704, -0.015640104, -0.001313366, 0.015640106, 0.98587364, 0.16675968, -0.001313366, -0.16675964, 0.98599654, -29.802761, -68.956436, -28.75903)

[node name="Tree200" parent="Forest" instance=ExtResource("6_18nlu")]
transform = Transform3D(1, 0, 0, 0, 1, 0, 0, 0, 1, -14.577969, -70.932625, -46.694935)

[node name="Tree201" parent="Forest" instance=ExtResource("6_18nlu")]
transform = Transform3D(0.999161, 0, -0.040986173, 0, 1, 0, 0.040986173, 0, 0.999161, 4.8396378, -55.116688, -13.800016)

[node name="Tree202" parent="Forest" instance=ExtResource("6_18nlu")]
transform = Transform3D(0.99916095, 0, -0.04098618, 0, 1, 0, 0.04098618, 0, 0.99916095, -24.363995, -64.97308, -19.48993)

[node name="Tree203" parent="Forest" instance=ExtResource("6_18nlu")]
transform = Transform3D(1, 0, 0, 0, 1, 0, 0, 0, 1, 13.44001, -60.370564, -17.59132)

[node name="Tree204" parent="Forest" instance=ExtResource("6_18nlu")]
transform = Transform3D(1, 0, 0, 0, 1, 0, 0, 0, 1, -3.2444, -55.729584, -24.374264)

[node name="Tree205" parent="Forest" instance=ExtResource("6_18nlu")]
transform = Transform3D(1, 0, 0, 0, 1, 0, 0, 0, 1, -14.522774, -53.10085, 2.492649)

[node name="Tree206" parent="Forest" instance=ExtResource("6_18nlu")]
transform = Transform3D(1, 0, 0, 0, 1, 0, 0, 0, 1, -19.21597, -50.57799, 6.622238)

[node name="Tree207" parent="Forest" instance=ExtResource("6_18nlu")]
transform = Transform3D(1, 0, 0, 0, 1, 0, 0, 0, 1, -11.129677, -45.10521, 63.58851)

[node name="Tree208" parent="Forest" instance=ExtResource("6_18nlu")]
transform = Transform3D(1, 0, 0, 0, 1, 0, 0, 0, 1, -12.3823395, -57.48777, -23.284374)

[node name="Tree209" parent="Forest" instance=ExtResource("6_18nlu")]
transform = Transform3D(0.99916106, 0, -0.040986165, 0, 1, 0, 0.040986165, 0, 0.99916106, -25.118435, -66.31037, -27.534088)

[node name="Tree210" parent="Forest" instance=ExtResource("6_18nlu")]
transform = Transform3D(0.999161, 0, -0.040986173, 0, 1, 0, 0.040986173, 0, 0.999161, 3.3015976, -55.292965, -30.199572)

[node name="Tree211" parent="Forest" instance=ExtResource("6_18nlu")]
transform = Transform3D(1, 0, 0, 0, 1, 0, 0, 0, 1, 12.685471, -58.34921, -25.635464)

[node name="Tree212" parent="Forest" instance=ExtResource("6_18nlu")]
transform = Transform3D(1, 0, 0, 0, 1, 0, 0, 0, 1, -3.9988937, -59.308395, -32.418392)

[node name="Tree213" parent="Forest" instance=ExtResource("6_18nlu")]
transform = Transform3D(1, 0, 0, 0, 1, 0, 0, 0, 1, -15.277195, -55.95213, -5.5515327)

