[gd_scene load_steps=23 format=3 uid="uid://dfmyjabbccxsr"]

[ext_resource type="Script" uid="uid://dhyysmj0yhprb" path="res://addons/zylann.hterrain/hterrain.gd" id="1_emikk"]
[ext_resource type="Resource" uid="uid://c8kouskeme58a" path="res://models/Terrain/data.hterrain" id="2_ea0xb"]
[ext_resource type="Script" uid="uid://dxqdn5ho6vkac" path="res://addons/zylann.hterrain/hterrain_texture_set.gd" id="3_73l22"]
[ext_resource type="Texture2D" uid="uid://ed7dfxrek0cu" path="res://models/Terrain/terrain_1_slot0_albedo_bump.png" id="4_ltpy8"]
[ext_resource type="Texture2D" uid="uid://wm064rx5vwc6" path="res://models/Terrain/terrain_1_slot1_albedo_bump.png" id="5_w8ujn"]
[ext_resource type="Texture2D" uid="uid://bd5l402xdbnv" path="res://models/Terrain/terrain_1_slot2_albedo_bump.png" id="6_1jcad"]
[ext_resource type="Texture2D" uid="uid://cdccl7ovwfunq" path="res://models/Terrain/terrain_1_slot3_albedo_bump.png" id="7_3qag5"]
[ext_resource type="Texture2D" uid="uid://6hw5q01qmvt4" path="res://models/Terrain/terrain_1_slot0_normal_roughness.png" id="8_m8o6k"]
[ext_resource type="Texture2D" uid="uid://bfjdw1dfung0v" path="res://models/Terrain/terrain_1_slot1_normal_roughness.png" id="9_cn3mn"]
[ext_resource type="Texture2D" uid="uid://c2kvrt11cv3gt" path="res://models/Terrain/terrain_1_slot2_normal_roughness.png" id="10_rl75s"]
[ext_resource type="Texture2D" uid="uid://dw2c4287fd37h" path="res://models/Terrain/terrain_1_slot3_normal_roughness.png" id="11_1bgq0"]
[ext_resource type="Script" uid="uid://dfqfqlcyc24yo" path="res://addons/road-generator/nodes/road_manager.gd" id="12_l21ki"]
[ext_resource type="Script" uid="uid://bfmdcbmgrleml" path="res://addons/road-generator/nodes/road_container.gd" id="13_jpiyq"]
[ext_resource type="Material" uid="uid://dpashsuk5lr4x" path="res://addons/road-generator/resources/road_texture.material" id="14_80jls"]
[ext_resource type="Script" uid="uid://cbgchi2egw4f0" path="res://addons/road-generator/nodes/road_point.gd" id="14_eg15q"]
[ext_resource type="ArrayMesh" uid="uid://yenammuq36vh" path="res://assets/guard_rail.obj" id="15_iimnb"]
[ext_resource type="Script" uid="uid://cj6s6gnlw4ecy" path="res://scripts/game_manager.gd" id="18_hxmah"]
[ext_resource type="PackedScene" uid="uid://cbj1qjxm0gm3g" path="res://scenes/tree.tscn" id="19_l7y6d"]

[sub_resource type="Resource" id="Resource_v81gp"]
script = ExtResource("3_73l22")
mode = 0
textures = [[ExtResource("4_ltpy8"), ExtResource("5_w8ujn"), ExtResource("6_1jcad"), ExtResource("7_3qag5")], [ExtResource("8_m8o6k"), ExtResource("9_cn3mn"), ExtResource("10_rl75s"), ExtResource("11_1bgq0")]]

[sub_resource type="PhysicsMaterial" id="PhysicsMaterial_chyr8"]

[sub_resource type="Curve3D" id="Curve3D_f02o3"]
_data = {
"points": PackedVector3Array(0, 0, 0, 0, 0, 0, -0.120773315, -0.25447083, 0, 0, 0, 0, 0, 0, 0, 0.72049713, -0.17650986, -15.290604, 0, 0, 0, 0, 0, 0, 0.70594025, -0.115888596, -17.93959, 0, 0, 0, 0, 0, 0, 0.7737427, -0.15789795, -21.780884, 0, 0, 0, 0, 0, 0, 0.51524353, -0.18733978, -25.408997, 0, 0, 0, 0, 0, 0, 0.2842865, -0.18348885, -27.424149, 0, 0, 0, 0, 0, 0, -1.3627396, -0.18643188, -31.39798, 0, 0, 0, 0, 0, 0, -3.9675827, -0.30456734, -35.374893, 0, 0, 0, 0, 0, 0, -6.2674713, -0.25784683, -38.590668, 0, 0, 0, 0, 0, 0, -7.629837, -0.2022171, -40.334106, 0, 0, 0, 0, 0, 0, -14.501289, -0.06720734, -48.66835, 0, 0, 0, 0, 0, 0, -16.299095, -0.00036621094, -50.87436, 0, 0, 0, 0, 0, 0, -17.220238, -0.04398918, -52.52881, 0, 0, 0, 0, 0, 0, -17.862183, 0.1500454, -55.163498, 0, 0, 0, 0, 0, 0, -17.858917, 0.7135258, -64.017044, 0, 0, 0, 0, 0, 0, -24.231552, 1.6370258, -78.57051, 0, 0, 0, 0, 0, 0, -25.129433, 1.821497, -82.077835, 0, 0, 0, 0, 0, 0, -24.595093, 1.9354839, -86.24765, 0, 0, 0, 0, 0, 0, -23.922249, 2.4904385, -90.23605, 0, 0, 0, 0, 0, 0, -22.528366, 3.7470436, -95.497696, 0, 0, 0, 0, 0, 0, -21.433907, 4.987919, -101.401, 0, 0, 0, 0, 0, 0, -19.263588, 4.978611, -113.12601, 0, 0, 0, 0, 0, 0, -19.015617, 4.9873524, -118.945496, 0, 0, 0, 0, 0, 0, -19.58892, 4.992609, -129.25842, 0, 0, 0, 0, 0, 0, -19.027115, 5.035532, -132.85666, 0, 0, 0, 0, 0, 0, -17.222069, 4.998564, -138.07776, 0, 0, 0, 0, 0, 0, -18.109169, 4.9137974, -144.95177, 0, 0, 0, 0, 0, 0, -20.290276, 4.9402237, -149.22919, 0, 0, 0, 0, 0, 0, -23.545631, 4.979231, -154.32468, 0, 0, 0, 0, 0, 0, -31.388023, 5.129858, -168.99852, 0, 0, 0, 0, 0, 0, -31.834946, 5.1386967, -172.89749, 0, 0, 0, 0, 0, 0, -29.877487, 5.124983, -177.15521, 0, 0, 0, 0, 0, 0, -27.714104, 4.805601, -180.65335, 0, 0, 0, 0, 0, 0, -21.901772, 4.042553, -186.8126, 0, 0, 0, 0, 0, 0, -19.771866, 3.8251057, -187.74155, 0, 0, 0, 0, 0, 0, -17.851944, 3.6031246, -187.92035, 0, 0, 0, 0, 0, 0, -14.282143, 3.38027, -188.17502, 0, 0, 0, 0, 0, 0, -10.213219, 3.1927605, -187.97221, 0, 0, 0, 0, 0, 0, -4.0309677, 2.5421982, -189.64201, 0, 0, 0, 0, 0, 0, 0.5608063, 2.1286888, -192.7394, 0, 0, 0, 0, 0, 0, 1.8716049, 2.0923023, -196.09618, 0, 0, 0, 0, 0, 0, 3.1751938, 2.0232487, -199.21922, 0, 0, 0, 0, 0, 0, 2.9692154, 1.80657, -203.2926, 0, 0, 0, 0, 0, 0, 5.4029465, 0.054691315, -213.39066, 0, 0, 0, 0, 0, 0, 5.5056686, -0.83179855, -217.82356, 0, 0, 0, 0, 0, 0, 6.181679, -1.2212315, -222.09392, 0, 0, 0, 0, 0, 0, 7.0399094, -0.9110756, -226.01231, 0, 0, 0, 0, 0, 0, 8.837929, -0.8319912, -229.93382, 0, 0, 0, 0, 0, 0, 12.132423, -3.194664, -235.67923, 0, 0, 0, 0, 0, 0, 13.325279, -3.9884663, -237.63712, 0, 0, 0, 0, 0, 0, 16.241524, -4.8643913, -239.41066, 0, 0, 0, 0, 0, 0, 20.361885, -5.806093, -240.02649, 0, 0, 0, 0, 0, 0, 24.884651, -6.5667086, -240.17435, 0, 0, 0, 0, 0, 0, 31.66262, -7.200721, -241.21848, 0, 0, 0, 0, 0, 0, 40.928566, -8.119505, -242.76286, 0, 0, 0, 0, 0, 0, 45.843987, -8.85344, -242.01111, 0, 0, 0, 0, 0, 0, 50.682243, -9.749371, -240.64816, 0, 0, 0, 0, 0, 0, 54.8704, -11.022557, -237.99669, 0, 0, 0, 0, 0, 0, 58.638695, -12.4429245, -234.25659, 0, 0, 0, 0, 0, 0, 61.40142, -13.755338, -230.07114, 0, 0, 0, 0, 0, 0, 67.00733, -14.975435, -226.84027, 0, 0, 0, 0, 0, 0, 74.72692, -15.146023, -226.77286, 0, 0, 0, 0, 0, 0, 77.763466, -15.694822, -225.32312, 0, 0, 0, 0, 0, 0, 79.09315, -16.039104, -223.9186, 0, 0, 0, 0, 0, 0, 79.46784, -16.330622, -219.5487, 0, 0, 0, 0, 0, 0, 79.729805, -16.874039, -216.63657, 0, 0, 0, 0, 0, 0, 81.53808, -17.46297, -214.55753, 0, 0, 0, 0, 0, 0, 82.26556, -17.824043, -213.11151, 0, 0, 0, 0, 0, 0, 84.017586, -18.089525, -211.7455, 0, 0, 0, 0, 0, 0, 85.113396, -18.197332, -210.89264, 0, 0, 0, 0, 0, 0, 86.81049, -18.635633, -209.38916, 0, 0, 0, 0, 0, 0, 87.33073, -18.700745, -209.01257, 0, 0, 0, 0, 0, 0, 88.248955, -18.922127, -208.34172, 0, 0, 0, 0, 0, 0, 89.29429, -19.034063, -207.90273, 0, 0, 0, 0, 0, 0, 91.356865, -19.377117, -207.10648, 0, 0, 0, 0, 0, 0, 100.164955, -20.581808, -204.34392, 0, 0, 0, 0, 0, 0, 103.92695, -20.926311, -203.4148, 0, 0, 0, 0, 0, 0, 105.588646, -21.188251, -203.01527, 0, 0, 0, 0, 0, 0, 110.66741, -21.751406, -204.70654, 0, 0, 0, 0, 0, 0, 114.76363, -22.06293, -206.78842, 0, 0, 0, 0, 0, 0, 117.28771, -22.13355, -206.96509, 0, 0, 0, 0, 0, 0, 123.30364, -21.916143, -206.88585, 0, 0, 0, 0, 0, 0, 123.50439, -21.915766, -206.87346, 0, 0, 0, 0, 0, 0, 129.28796, -21.915201, -206.52252, 0, 0, 0, 0, 0, 0, 129.91809, -22.042324, -206.27676, 0, 0, 0, 0, 0, 0, 130.04968, -22.070665, -206.2272),
"tilts": PackedFloat32Array(0, 0, 0, 0, 0, 0, 0, 0, 0, 0, 0, 0, 0, 0, 0, 0, 0, 0, 0, 0, 0, 0, 0, 0, 0, 0, 0, 0, 0, 0, 0, 0, 0, 0, 0, 0, 0, 0, 0, 0, 0, 0, 0, 0, 0, 0, 0, 0, 0, 0, 0, 0, 0, 0, 0, 0, 0, 0, 0, 0, 0, 0, 0, 0, 0, 0, 0, 0, 0, 0, 0, 0, 0, 0, 0, 0, 0, 0, 0, 0, 0, 0, 0, 0, 0, 0)
}
point_count = 86

[sub_resource type="GDScript" id="GDScript_f2hg1"]

[node name="Node3D" type="Node3D"]

[node name="Terrain" type="Node3D" parent="."]

[node name="HTerrain" type="Node3D" parent="Terrain"]
script = ExtResource("1_emikk")
_terrain_data = ExtResource("2_ea0xb")
chunk_size = 32
collision_enabled = true
collision_layer = 1
collision_mask = 1
shader_type = "Classic4"
custom_shader = null
custom_globalmap_shader = null
texture_set = SubResource("Resource_v81gp")
render_layers = 1
cast_shadow = 1
shader_params/u_ground_uv_scale_per_texture = null
shader_params/u_depth_blending = true
shader_params/u_triplanar = null
shader_params/u_tile_reduction = Vector4(1, 1, 0, 0)
shader_params/u_globalmap_blend_start = null
shader_params/u_globalmap_blend_distance = null
shader_params/u_colormap_opacity_per_texture = null
metadata/_custom_type_script = "uid://dhyysmj0yhprb"

[node name="Node3D" type="Node3D" parent="Terrain"]

[node name="RoadManager" type="Node3D" parent="Terrain/Node3D"]
transform = Transform3D(0.2, 0, 0, 0, 0.2, 0, 0, 0, 0.2, 0, 0, 0)
script = ExtResource("12_l21ki")

[node name="Road_001" type="Node3D" parent="Terrain/Node3D/RoadManager"]
script = ExtResource("13_jpiyq")
material_resource = ExtResource("14_80jls")
density = 20.0
use_lowpoly_preview = true
physics_material = SubResource("PhysicsMaterial_chyr8")
override_collision_layers = true
edge_containers = Array[NodePath]([NodePath(""), NodePath(""), NodePath(""), NodePath(""), NodePath(""), NodePath(""), NodePath(""), NodePath(""), NodePath(""), NodePath(""), NodePath(""), NodePath(""), NodePath(""), NodePath(""), NodePath(""), NodePath(""), NodePath(""), NodePath(""), NodePath(""), NodePath(""), NodePath(""), NodePath(""), NodePath(""), NodePath(""), NodePath(""), NodePath(""), NodePath(""), NodePath(""), NodePath(""), NodePath(""), NodePath(""), NodePath(""), NodePath(""), NodePath(""), NodePath(""), NodePath(""), NodePath(""), NodePath("")])
edge_rp_targets = Array[NodePath]([NodePath(""), NodePath(""), NodePath(""), NodePath(""), NodePath(""), NodePath(""), NodePath(""), NodePath(""), NodePath(""), NodePath(""), NodePath(""), NodePath(""), NodePath(""), NodePath(""), NodePath(""), NodePath(""), NodePath(""), NodePath(""), NodePath(""), NodePath(""), NodePath(""), NodePath(""), NodePath(""), NodePath(""), NodePath(""), NodePath(""), NodePath(""), NodePath(""), NodePath(""), NodePath(""), NodePath(""), NodePath(""), NodePath(""), NodePath(""), NodePath(""), NodePath(""), NodePath(""), NodePath("")])
edge_rp_target_dirs = Array[int]([-1, -1, -1, -1, -1, -1, -1, -1, -1, -1, -1, -1, -1, -1, -1, -1, -1, -1, -1, -1, -1, -1, -1, -1, -1, -1, -1, -1, -1, -1, -1, -1, -1, -1, -1, -1, -1, -1])
edge_rp_locals = Array[NodePath]([NodePath("RP_016"), NodePath("RP_016"), NodePath("RP_020"), NodePath("RP_020"), NodePath("RP_022"), NodePath("RP_022"), NodePath("RP_024"), NodePath("RP_024"), NodePath("RP_031"), NodePath("RP_031"), NodePath("RP_033"), NodePath("RP_033"), NodePath("RP_035"), NodePath("RP_035"), NodePath("RP_037"), NodePath("RP_037"), NodePath("RP_039"), NodePath("RP_039"), NodePath("RP_042"), NodePath("RP_042"), NodePath("RP_044"), NodePath("RP_044"), NodePath("RP_045"), NodePath("RP_027"), NodePath("RP_027"), NodePath("RP_026"), NodePath("RP_026"), NodePath("_Node3D_34399"), NodePath("_Node3D_34399"), NodePath("_Node3D_35323"), NodePath("_Node3D_35323"), NodePath("RP_029"), NodePath("RP_029"), NodePath("RP_034"), NodePath("RP_034"), NodePath("RP_041"), NodePath("RP_041"), NodePath("RP_032")])
edge_rp_local_dirs = Array[int]([0, 1, 0, 1, 0, 1, 0, 1, 0, 1, 0, 1, 0, 1, 0, 1, 0, 1, 0, 1, 0, 1, 0, 0, 1, 0, 1, 0, 1, 0, 1, 0, 1, 0, 1, 0, 1, 1])

[node name="RP_001" type="Node3D" parent="Terrain/Node3D/RoadManager/Road_001"]
transform = Transform3D(0.9994019, 0.00048610245, -0.034576587, 0, 0.9999012, 0.014057328, 0.034580003, -0.014048921, 0.99930316, 619.8481, 110.33729, 1236.2212)
script = ExtResource("14_eg15q")
traffic_dir = Array[int]([2, 2, 1, 1])
lanes = Array[int]([2, 4, 4, 2])
next_mag = 16.0
prior_pt_init = NodePath("../RP_002")
next_pt_init = NodePath("../RP_045")

[node name="RP_002" type="Node3D" parent="Terrain/Node3D/RoadManager/Road_001"]
transform = Transform3D(0.99940205, 0.0008941375, -0.03456657, 0.00022155847, 0.99947953, 0.032259427, 0.03457743, -0.032247797, 0.9988815, 622.3933, 110.552376, 1162.6528)
script = ExtResource("14_eg15q")
traffic_dir = Array[int]([2, 2, 1, 1])
lanes = Array[int]([2, 4, 4, 2])
prior_mag = 16.0
next_mag = 16.0
prior_pt_init = NodePath("../RP_003")
next_pt_init = NodePath("../RP_001")

[node name="RP_003" type="Node3D" parent="Terrain/Node3D/RoadManager/Road_001"]
transform = Transform3D(0.91613024, -0.025475653, 0.40007043, -5.2421397e-06, 0.997978, 0.06356115, -0.40088078, -0.058232393, 0.91427755, 610.44446, 110.55, 1118.1005)
script = ExtResource("14_eg15q")
traffic_dir = Array[int]([2, 2, 1, 1])
lanes = Array[int]([2, 4, 4, 2])
prior_mag = 16.0
next_mag = 16.0
prior_pt_init = NodePath("../RP_004")
next_pt_init = NodePath("../RP_002")

[node name="RP_012" type="Node3D" parent="Terrain/Node3D/RoadManager/Road_001"]
transform = Transform3D(0.9814606, 0.00245515, -0.19164842, 4.4751155e-06, 0.9999176, 0.012832562, 0.19166414, -0.012595511, 0.9813798, 520.2971, 136.24998, 707.9675)
script = ExtResource("14_eg15q")
traffic_dir = Array[int]([2, 2, 1, 1])
lanes = Array[int]([2, 4, 4, 2])
prior_mag = 16.0
next_mag = 16.0
prior_pt_init = NodePath("../RP_013")
next_pt_init = NodePath("../RP_010")

[node name="RP_013" type="Node3D" parent="Terrain/Node3D/RoadManager/Road_001"]
transform = Transform3D(0.9967475, -0.0029471174, 0.080533855, 0, 0.999331, 0.03657029, -0.08058776, -0.03645134, 0.99608076, 518.31024, 136.25, 629.76447)
script = ExtResource("14_eg15q")
traffic_dir = Array[int]([2, 2, 1, 1])
lanes = Array[int]([2, 4, 4, 2])
prior_mag = 16.0
next_mag = 16.0
prior_pt_init = NodePath("../RP_014")
next_pt_init = NodePath("../RP_012")

[node name="RP_014" type="Node3D" parent="Terrain/Node3D/RoadManager/Road_001"]
transform = Transform3D(0.9185884, 0.021637328, -0.3946228, 0, 0.9985001, 0.05474817, 0.39521557, -0.05029103, 0.9172107, 530.82404, 136.25, 581.74677)
script = ExtResource("14_eg15q")
traffic_dir = Array[int]([2, 2, 1, 1])
lanes = Array[int]([2, 4, 4, 2])
prior_mag = 16.0
next_mag = 16.0
prior_pt_init = NodePath("../RP_015")
next_pt_init = NodePath("../RP_013")

[node name="RP_016" type="Node3D" parent="Terrain/Node3D/RoadManager/Road_001"]
transform = Transform3D(0.89299357, -0.013116928, 0.4498783, 0, 0.99957514, 0.029144237, -0.45006943, -0.02602561, 0.89261436, 459.7818, 136.25, 431.86185)
script = ExtResource("14_eg15q")
traffic_dir = Array[int]([2, 2, 1, 1])
lanes = Array[int]([2, 4, 4, 2])
prior_mag = 16.0
next_mag = 16.0

[node name="RP_020" type="Node3D" parent="Terrain/Node3D/RoadManager/Road_001"]
transform = Transform3D(0.56754774, 0.12443579, -0.8138828, 0, 0.98851305, 0.15113528, 0.8233404, -0.085776486, 0.5610284, 623.13416, 121.24999, 302.11758)
script = ExtResource("14_eg15q")
traffic_dir = Array[int]([2, 2, 1, 1])
lanes = Array[int]([2, 4, 4, 2])
prior_mag = 16.0
next_mag = 16.0

[node name="RP_022" type="Node3D" parent="Terrain/Node3D/RoadManager/Road_001"]
transform = Transform3D(0.9642351, -0.024208538, -0.26394, 0.08323619, 0.97309834, 0.21482909, 0.25163883, -0.22911516, 0.94031066, 637.1166, 116.088936, 234.31244)
script = ExtResource("14_eg15q")
traffic_dir = Array[int]([2, 2, 1, 1])
lanes = Array[int]([2, 4, 4, 2])
prior_mag = 16.0
next_mag = 16.0

[node name="RP_024" type="Node3D" parent="Terrain/Node3D/RoadManager/Road_001"]
transform = Transform3D(0.97160566, -0.012703778, -0.23626462, 0, 0.9985577, -0.053691715, 0.23660588, 0.052167185, 0.97020423, 651.8625, 106.25, 142.25586)
script = ExtResource("14_eg15q")
traffic_dir = Array[int]([2, 2, 1, 1])
lanes = Array[int]([2, 4, 4, 2])
prior_mag = 16.0
next_mag = 16.0

[node name="RP_031" type="Node3D" parent="Terrain/Node3D/RoadManager/Road_001"]
transform = Transform3D(0.053471435, 0.17376198, -0.98333484, 0.011485148, 0.9845719, 0.17460495, 0.9985035, -0.020630127, 0.050650757, 830.4752, 70.57829, 48.386765)
script = ExtResource("14_eg15q")
traffic_dir = Array[int]([2, 2, 1, 1])
lanes = Array[int]([2, 4, 4, 2])
prior_mag = 16.0
next_mag = 16.0

[node name="RP_033" type="Node3D" parent="Terrain/Node3D/RoadManager/Road_001"]
transform = Transform3D(-0.7285586, 0.21131398, -0.651574, 0.037589356, 0.96212655, 0.26999944, 0.6839514, 0.17221822, -0.7089085, 927.3846, 48.34608, 91.53588)
script = ExtResource("14_eg15q")
traffic_dir = Array[int]([2, 2, 1, 1])
lanes = Array[int]([2, 4, 4, 2])
prior_mag = 16.0
next_mag = 16.0

[node name="RP_035" type="Node3D" parent="Terrain/Node3D/RoadManager/Road_001"]
transform = Transform3D(0.22515157, 0.10944546, -0.9681573, -0.3407782, 0.9397566, 0.026984587, 0.9127855, 0.32385123, 0.24888425, 984.4537, 38.848953, 129.62384)
script = ExtResource("14_eg15q")
traffic_dir = Array[int]([2, 2, 1, 1])
lanes = Array[int]([2, 4, 4, 2])
prior_mag = 16.0
next_mag = 16.0

[node name="RP_037" type="Node3D" parent="Terrain/Node3D/RoadManager/Road_001"]
transform = Transform3D(-0.94912124, -0.02058762, 0.31423765, -0.04890464, 0.99539083, -0.082497075, -0.31109086, -0.09366741, -0.94575304, 1032.0404, 30.13397, 155.10863)
script = ExtResource("14_eg15q")
traffic_dir = Array[int]([2, 2, 1, 1])
lanes = Array[int]([2, 4, 4, 2])
prior_mag = 16.0
next_mag = 16.0

[node name="RP_039" type="Node3D" parent="Terrain/Node3D/RoadManager/Road_001"]
transform = Transform3D(-0.31872842, 0.040216755, -0.9469926, -0.30335858, 0.9422194, 0.14211513, 0.89799, 0.3325745, -0.2881119, 1073.866, 19.115482, 223.06902)
script = ExtResource("14_eg15q")
traffic_dir = Array[int]([2, 2, 1, 1])
lanes = Array[int]([2, 4, 4, 2])
prior_mag = 16.0
next_mag = 16.0

[node name="RP_042" type="Node3D" parent="Terrain/Node3D/RoadManager/Road_001"]
transform = Transform3D(-0.22505349, 0.30913588, -0.92400545, 0.008748534, 0.9489367, 0.31534594, 0.9743073, 0.062886015, -0.21626592, 1160.352, 4.1400156, 248.05351)
script = ExtResource("14_eg15q")
traffic_dir = Array[int]([2, 2, 1, 1])
lanes = Array[int]([2, 4, 4, 2])
prior_mag = 16.0
next_mag = 16.0

[node name="RP_044" type="Node3D" parent="Terrain/Node3D/RoadManager/Road_001"]
transform = Transform3D(-0.091113955, 0.013446491, -0.9957497, -0.058091406, 0.9981345, 0.01879422, 0.9941448, 0.059556913, -0.090162836, 1279.7922, 1.1358038, 231.77461)
script = ExtResource("14_eg15q")
traffic_dir = Array[int]([2, 2, 1, 1])
lanes = Array[int]([2, 4, 4, 2])
prior_mag = 16.0
next_mag = 16.0

[node name="RP_045" type="Node3D" parent="Terrain/Node3D/RoadManager/Road_001"]
transform = Transform3D(0.9954997, 0.03364348, -0.088591576, -0.034088526, 0.9994126, -0.0035150335, 0.08842129, 0.006519172, 0.99606174, 617.15015, 110.477104, 1276.324)
script = ExtResource("14_eg15q")
traffic_dir = Array[int]([2, 2, 1, 1])
lanes = Array[int]([2, 4, 4, 2])
prior_mag = 16.0
next_mag = 16.0
prior_pt_init = NodePath("../RP_001")

[node name="RP_004" type="Node3D" parent="Terrain/Node3D/RoadManager/Road_001"]
transform = Transform3D(0.7667744, -0.009935461, 0.64183974, 0.0015221519, 0.9999056, 0.013659754, -0.64191496, -0.009496973, 0.766717, 534.9975, 110.56386, 1020.99854)
script = ExtResource("14_eg15q")
traffic_dir = Array[int]([2, 2, 1, 1])
lanes = Array[int]([2, 4, 4, 2])
prior_mag = 16.0
next_mag = 16.0
prior_pt_init = NodePath("../RP_005")
next_pt_init = NodePath("../RP_003")

[node name="RP_005" type="Node3D" parent="Terrain/Node3D/RoadManager/Road_001"]
transform = Transform3D(0.97567874, 0.205351, -0.07669342, -0.20969902, 0.97629166, -0.05367377, 0.06385318, 0.06845089, 0.9956089, 529.3208, 115.621254, 955.8814)
script = ExtResource("14_eg15q")
traffic_dir = Array[int]([2, 2, 1, 1])
lanes = Array[int]([2, 4, 4, 2])
prior_mag = 16.0
next_mag = 16.0
prior_pt_init = NodePath("../RP_006")
next_pt_init = NodePath("../RP_004")

[node name="RP_006" type="Node3D" parent="Terrain/Node3D/RoadManager/Road_001"]
transform = Transform3D(0.8346528, 0.10120581, 0.54139835, -0.11033612, 0.9937708, -0.015668761, -0.5396117, -0.04665782, 0.8406201, 496.77414, 119.94913, 887.0022)
script = ExtResource("14_eg15q")
traffic_dir = Array[int]([2, 2, 1, 1])
lanes = Array[int]([2, 4, 4, 2])
prior_mag = 16.0
next_mag = 16.0
prior_pt_init = NodePath("../RP_007")
next_pt_init = NodePath("../RP_005")

[node name="RP_007" type="Node3D" parent="Terrain/Node3D/RoadManager/Road_001"]
transform = Transform3D(0.9844326, 0.10026473, -0.14435901, -0.09587785, 0.99470353, 0.03704914, 0.14730911, -0.022631554, 0.98883146, 492.77637, 121.45261, 843.1951)
script = ExtResource("14_eg15q")
traffic_dir = Array[int]([2, 2, 1, 1])
lanes = Array[int]([2, 4, 4, 2])
prior_mag = 16.0
next_mag = 16.0
prior_pt_init = NodePath("../RP_009")
next_pt_init = NodePath("../RP_006")

[node name="RP_009" type="Node3D" parent="Terrain/Node3D/RoadManager/Road_001"]
transform = Transform3D(0.95779276, 0.14140756, -0.2502742, -0.20308599, 0.9490429, -0.24098529, 0.20344383, 0.2816412, 0.93770397, 502.76382, 130.19511, 800.5469)
script = ExtResource("14_eg15q")
traffic_dir = Array[int]([2, 2, 1, 1])
lanes = Array[int]([2, 4, 4, 2])
prior_mag = 16.0
next_mag = 16.0
prior_pt_init = NodePath("../RP_010")
next_pt_init = NodePath("../RP_007")

[node name="RP_010" type="Node3D" parent="Terrain/Node3D/RoadManager/Road_001"]
transform = Transform3D(0.99327135, 0.0019783855, -0.115794174, 1.8945148e-06, 0.999854, 0.017099107, 0.11581111, -0.016984276, 0.9931259, 508.80582, 136.25, 768.0688)
script = ExtResource("14_eg15q")
traffic_dir = Array[int]([2, 2, 1, 1])
lanes = Array[int]([2, 4, 4, 2])
prior_mag = 16.0
next_mag = 16.0
prior_pt_init = NodePath("../RP_012")
next_pt_init = NodePath("../RP_009")

[node name="RP_027" type="Node3D" parent="Terrain/Node3D/RoadManager/Road_001"]
transform = Transform3D(0.23973355, 0.96620166, -0.09477522, -0.9291699, 0.25664154, 0.26604208, 0.28137356, 0.02428307, 0.9592909, 661.45874, 79.80618, 79.72522)
script = ExtResource("14_eg15q")
traffic_dir = Array[int]([2, 2, 1, 1])
lanes = Array[int]([2, 4, 4, 2])
prior_mag = 16.0
next_mag = 16.0

[node name="RP_026" type="Node3D" parent="Terrain/Node3D/RoadManager/Road_001"]
transform = Transform3D(0.3954665, 0.267441, -0.8786818, -0.054569915, 0.9618207, 0.2681854, 0.91685796, -0.05810881, 0.394962, 701.11414, 87.4064, 67.21987)
script = ExtResource("14_eg15q")
traffic_dir = Array[int]([2, 2, 1, 1])
lanes = Array[int]([2, 4, 4, 2])
prior_mag = 16.0
next_mag = 16.0

[node name="_Node3D_34399" type="Node3D" parent="Terrain/Node3D/RoadManager/Road_001"]
transform = Transform3D(1, 0, 0, 0, 1, 0, 0, 0, 1, 1054.5078, 25.843918, 204.06848)
script = ExtResource("14_eg15q")
traffic_dir = Array[int]([2, 2, 1, 1])
lanes = Array[int]([2, 4, 4, 2])

[node name="_Node3D_35323" type="Node3D" parent="Terrain/Node3D/RoadManager/Road_001"]
transform = Transform3D(1, 0, 0, 0, 1, 0, 0, 0, 1, 1043.1945, 29.300697, 186.35583)
script = ExtResource("14_eg15q")
traffic_dir = Array[int]([2, 2, 1, 1])
lanes = Array[int]([2, 4, 4, 2])

[node name="RP_015" type="Node3D" parent="Terrain/Node3D/RoadManager/Road_001"]
transform = Transform3D(0.8155953, -0.014379163, 0.578444, 0, 0.9996911, 0.024850674, -0.5786227, -0.020268092, 0.81534344, 499.3358, 136.25, 513.7875)
script = ExtResource("14_eg15q")
traffic_dir = Array[int]([2, 2, 1, 1])
lanes = Array[int]([2, 4, 4, 2])
prior_mag = 16.0
next_mag = 16.0
prior_pt_init = NodePath("../RP_017")
next_pt_init = NodePath("../RP_014")

[node name="RP_017" type="Node3D" parent="Terrain/Node3D/RoadManager/Road_001"]
transform = Transform3D(0.91626716, -0.017823687, 0.4001709, -2.4466974e-05, 0.999007, 0.04455199, -0.40056762, -0.040831313, 0.91535693, 471.19656, 136.24997, 457.5458)
script = ExtResource("14_eg15q")
traffic_dir = Array[int]([2, 2, 1, 1])
lanes = Array[int]([2, 4, 4, 2])
prior_mag = 16.0
next_mag = 16.0
prior_pt_init = NodePath("../RP_018")
next_pt_init = NodePath("../RP_015")

[node name="RP_018" type="Node3D" parent="Terrain/Node3D/RoadManager/Road_001"]
transform = Transform3D(0.93270695, 0.020752454, -0.3600374, 0, 0.9983429, 0.05754421, 0.36063495, -0.05367189, 0.9311615, 478.46115, 136.25, 413.9813)
script = ExtResource("14_eg15q")
traffic_dir = Array[int]([2, 2, 1, 1])
lanes = Array[int]([2, 4, 4, 2])
prior_mag = 16.0
next_mag = 16.0
prior_pt_init = NodePath("../RP_019")
next_pt_init = NodePath("../RP_017")

[node name="RP_019" type="Node3D" parent="Terrain/Node3D/RoadManager/Road_001"]
transform = Transform3D(0.89167774, -0.020025108, 0.45222792, -0.029005298, 0.9944407, 0.10122579, -0.45174086, -0.103377745, 0.8861399, 482.40506, 135.3544, 359.78726)
script = ExtResource("14_eg15q")
traffic_dir = Array[int]([2, 2, 1, 1])
lanes = Array[int]([2, 4, 4, 2])
prior_mag = 16.0
next_mag = 16.0
prior_pt_init = NodePath("../RP_021")
next_pt_init = NodePath("../RP_018")

[node name="RP_029" type="Node3D" parent="Terrain/Node3D/RoadManager/Road_001"]
transform = Transform3D(-0.7266889, -0.468467, -0.50245565, 0.01107247, 0.72332966, -0.6904141, 0.68687725, -0.5072797, -0.52044874, 393.0084, 230.56822, 627.0673)
script = ExtResource("14_eg15q")
traffic_dir = Array[int]([2, 2, 1, 1])
lanes = Array[int]([2, 4, 4, 2])
prior_mag = 16.0
next_mag = 16.0

[node name="RP_034" type="Node3D" parent="Terrain/Node3D/RoadManager/Road_001"]
transform = Transform3D(-0.59112746, 0.7257402, 0.35195053, 0.3401595, 0.61995953, -0.70706546, -0.73134094, -0.2982465, -0.6133427, 390.57074, 280.83737, 770.7199)
script = ExtResource("14_eg15q")
traffic_dir = Array[int]([2, 2, 1, 1])
lanes = Array[int]([2, 4, 4, 2])
prior_mag = 16.0
next_mag = 16.0

[node name="RP_021" type="Node3D" parent="Terrain/Node3D/RoadManager/Road_001"]
transform = Transform3D(0.28591523, -0.08200319, 0.9547405, -0.08721031, 0.98997045, 0.111146, -0.95427877, -0.11504127, 0.27589616, 440.1663, 138.1412, 345.61343)
script = ExtResource("14_eg15q")
traffic_dir = Array[int]([2, 2, 1, 1])
lanes = Array[int]([2, 4, 4, 2])
prior_mag = 16.0
next_mag = 16.0
prior_pt_init = NodePath("../RP_023")
next_pt_init = NodePath("../RP_019")

[node name="RP_023" type="Node3D" parent="Terrain/Node3D/RoadManager/Road_001"]
transform = Transform3D(-0.58560807, -0.13937493, 0.7985224, -0.08477053, 0.99023545, 0.11066907, -0.8061496, -0.002882473, -0.59170485, 400.70926, 135.33276, 369.14432)
script = ExtResource("14_eg15q")
traffic_dir = Array[int]([2, 2, 1, 1])
lanes = Array[int]([2, 4, 4, 2])
prior_mag = 53.60098
next_mag = 16.0
prior_pt_init = NodePath("../RP_025")
next_pt_init = NodePath("../RP_021")

[node name="RP_041" type="Node3D" parent="Terrain/Node3D/RoadManager/Road_001"]
transform = Transform3D(-0.9352913, 0.32133088, 0.14825076, 0.2980574, 0.9411305, -0.1594873, -0.1907714, -0.104979575, -0.97600585, 370.48892, 187.00804, 821.2659)
script = ExtResource("14_eg15q")
traffic_dir = Array[int]([2, 2, 1, 1])
lanes = Array[int]([2, 4, 4, 2])
prior_mag = 16.0
next_mag = 16.0

[node name="RP_025" type="Node3D" parent="Terrain/Node3D/RoadManager/Road_001"]
transform = Transform3D(-0.7080238, 0.011597724, 0.70609367, -0.079033166, 0.99228233, -0.095547624, -0.70175236, -0.12345479, -0.70164293, 348.2289, 216.45164, 855.7214)
script = ExtResource("14_eg15q")
traffic_dir = Array[int]([2, 2, 1, 1])
lanes = Array[int]([2, 4, 4, 2])
prior_mag = 16.0
next_mag = 53.60098
prior_pt_init = NodePath("../RP_028")
next_pt_init = NodePath("../RP_023")

[node name="RP_028" type="Node3D" parent="Terrain/Node3D/RoadManager/Road_001"]
transform = Transform3D(-0.03860165, -0.06213548, 0.99732107, 0.077418186, 0.99487895, 0.06497985, -0.9962511, 0.07971912, -0.03359356, 229.26598, 213.67522, 896.1752)
script = ExtResource("14_eg15q")
traffic_dir = Array[int]([2, 2, 1, 1])
lanes = Array[int]([2, 4, 4, 2])
prior_mag = 16.0
next_mag = 16.0
prior_pt_init = NodePath("../RP_030")
next_pt_init = NodePath("../RP_025")

[node name="RP_030" type="Node3D" parent="Terrain/Node3D/RoadManager/Road_001"]
transform = Transform3D(0.18174522, 0.032831125, 0.98279756, 0.08306949, 0.9953574, -0.048612457, -0.97983056, 0.09047556, 0.17817421, 105.37803, 220.35866, 877.3477)
script = ExtResource("14_eg15q")
traffic_dir = Array[int]([2, 2, 1, 1])
lanes = Array[int]([2, 4, 4, 2])
prior_mag = 16.0
next_mag = 16.0
prior_pt_init = NodePath("../RP_032")
next_pt_init = NodePath("../RP_028")

[node name="RP_032" type="Node3D" parent="Terrain/Node3D/RoadManager/Road_001"]
transform = Transform3D(0.25136515, 0.35149294, 0.9018141, -0.017368447, 0.93321764, -0.3588919, -0.96773636, 0.074549794, 0.24068339, 2.5872374, 258.74527, 853.88434)
script = ExtResource("14_eg15q")
traffic_dir = Array[int]([2, 2, 1, 1])
lanes = Array[int]([2, 4, 4, 2])
prior_mag = 16.0
next_mag = 16.0
next_pt_init = NodePath("../RP_030")

[node name="PathMesh3D" type="PathMesh3D" parent="Terrain"]
mesh = ExtResource("15_iimnb")
surface_0/tile_rotation = Vector3(0, -1.5707964, 0)
surface_0/tile_rotation_order = 2
surface_0/distribution = 0
surface_0/alignment = 0
surface_0/warp_along_curve = true
surface_0/sample_cubic = false
surface_0/tilt = true
surface_0/offset = Vector2(0, 0)
surface_0/triangle_count = 0
surface_1/tile_rotation = Vector3(0, -1.5707964, 0)
surface_1/tile_rotation_order = 2
surface_1/distribution = 0
surface_1/alignment = 0
surface_1/warp_along_curve = true
surface_1/sample_cubic = false
surface_1/tilt = true
surface_1/offset = Vector2(0, 0)
surface_1/triangle_count = 0
surface_2/tile_rotation = Vector3(0, -1.5707964, 0)
surface_2/tile_rotation_order = 2
surface_2/distribution = 0
surface_2/alignment = 0
surface_2/warp_along_curve = true
surface_2/sample_cubic = false
surface_2/tilt = true
surface_2/offset = Vector2(0, 0)
surface_2/triangle_count = 0
transform = Transform3D(1, 0, 0, 0, 1, 0, 0, 0, 1, 125.59399, 21.971815, 254.71701)

[node name="Path3D" type="Path3D" parent="Terrain/PathMesh3D"]
transform = Transform3D(1, 0, 0, 0, 1, 0, 0, 0, 1, -0.2559204, 0.31819725, 0.5363312)
curve = SubResource("Curve3D_f02o3")

[node name="GameManager" type="Node3D" parent="."]
script = ExtResource("18_hxmah")

[node name="Forest" type="Node3D" parent="."]
transform = Transform3D(0.9956307, 0, -0.0933785, 0, 1, 0, 0.0933785, 0, 0.9956307, 73.702484, 103.778915, 48.323795)
script = SubResource("GDScript_f2hg1")

[node name="Tree" parent="Forest" instance=ExtResource("19_l7y6d")]
transform = Transform3D(0.99346846, -0.11402108, -0.0044016615, 0.10601553, 0.9366082, -0.33395487, 0.042200528, 0.33130705, 0.94257885, 103.121544, -115.99252, -14.679766)

[node name="Tree2" parent="Forest" instance=ExtResource("19_l7y6d")]
transform = Transform3D(1, 0, 0, 0, 1, 0, 0, 0, 1, 67.94749, -99.91727, 101.987305)

[node name="Tree5" parent="Forest" instance=ExtResource("19_l7y6d")]
transform = Transform3D(1, 0, 0, 0, 1, 0, 0, 0, 1, 130.18877, -80.04854, 37.53466)

[node name="Tree7" parent="Forest" instance=ExtResource("19_l7y6d")]
transform = Transform3D(1, 0, 0, 0, 1, 0, 0, 0, 1, 173.02875, -103.45162, -22.536024)

[node name="Tree8" parent="Forest" instance=ExtResource("19_l7y6d")]
transform = Transform3D(1, 0, 0, 0, 1, 0, 0, 0, 1, 172.08386, -57.041943, 105.000046)

[node name="Tree9" parent="Forest" instance=ExtResource("19_l7y6d")]
transform = Transform3D(0.98755634, 0.15726115, 0.0011670664, -0.15726113, 0.9874469, 0.014749252, 0.0011670664, -0.014749253, 0.9998905, 43.659233, -72.55318, -25.76796)

[node name="Tree10" parent="Forest" instance=ExtResource("19_l7y6d")]
transform = Transform3D(1, 0, 0, 0, 1, 0, 0, 0, 1, 53.83667, -91.5726, 116.84834)

[node name="Tree12" parent="Forest" instance=ExtResource("19_l7y6d")]
transform = Transform3D(0.99589044, 0.09056538, 0.00038544834, -0.09056538, 0.9958543, 0.008493972, 0.00038544834, -0.008493969, 0.9999639, 30.575317, -71.6983, 146.20088)

[node name="Tree13" parent="Forest" instance=ExtResource("19_l7y6d")]
transform = Transform3D(1, 0, 0, 0, 1, 0, 0, 0, 1, 73.52333, -100.71444, 129.08116)

[node name="Tree15" parent="Forest" instance=ExtResource("19_l7y6d")]
transform = Transform3D(1, 0, 0, 0, 1, 0, 0, 0, 1, 80.76393, -101.96279, 81.85018)

[node name="Tree16" parent="Forest" instance=ExtResource("19_l7y6d")]
transform = Transform3D(0.99987704, -0.015640104, -0.001313366, 0.015640106, 0.98587364, 0.16675968, -0.001313366, -0.16675964, 0.98599654, 121.681206, -74.51865, 53.575058)

[node name="Tree17" parent="Forest" instance=ExtResource("19_l7y6d")]
transform = Transform3D(0.99988675, -0.015000247, -0.0012073889, 0.015000248, 0.9870132, 0.15993732, -0.0012073889, -0.1599373, 0.98712647, 79.65316, -114.445175, -11.220924)

[node name="Tree18" parent="Forest" instance=ExtResource("19_l7y6d")]
transform = Transform3D(1, 0, 0, 0, 1, 0, 0, 0, 1, 0.86763, -55.65906, -32.512695)

[node name="Tree19" parent="Forest" instance=ExtResource("19_l7y6d")]
transform = Transform3D(1, 0, 0, 0, 1, 0, 0, 0, 1, 15.896553, -61.128185, -22.88224)

[node name="Tree20" parent="Forest" instance=ExtResource("19_l7y6d")]
transform = Transform3D(1, 0, 0, 0, 1, 0, 0, 0, 1, 151.47536, -92.95413, -34.96949)

[node name="Tree21" parent="Forest" instance=ExtResource("19_l7y6d")]
transform = Transform3D(0.9915533, 0.12969746, 0.0007921979, -0.12969746, 0.991479, 0.012164103, 0.0007921979, -0.012164103, 0.9999256, 34.819267, -69.78501, -19.598131)

[node name="Tree24" parent="Forest" instance=ExtResource("19_l7y6d")]
transform = Transform3D(1, 0, 0, 0, 1, 0, 0, 0, 1, 136.906, -81.46472, 35.63913)

[node name="Tree25" parent="Forest" instance=ExtResource("19_l7y6d")]
transform = Transform3D(1, 0, 0, 0, 1, 0, 0, 0, 1, -4.2730865, -55.99011, -18.472334)

[node name="Tree26" parent="Forest" instance=ExtResource("19_l7y6d")]
transform = Transform3D(1, 0, 0, 0, 1, 0, 0, 0, 1, 68.2034, -95.78757, 65.46626)

[node name="Tree27" parent="Forest" instance=ExtResource("19_l7y6d")]
transform = Transform3D(1, 0, 0, 0, 1, 0, 0, 0, 1, 102.91682, -110.83556, 125.64723)

[node name="Tree28" parent="Forest" instance=ExtResource("19_l7y6d")]
transform = Transform3D(0.99983037, -0.018327521, -0.0018083155, 0.018327521, 0.98054963, 0.19541374, -0.0018083081, -0.19541374, 0.9807192, 103.30227, -107.24581, 14.0205765)

[node name="Tree29" parent="Forest" instance=ExtResource("19_l7y6d")]
transform = Transform3D(1, 0, 0, 0, 1, 0, 0, 0, 1, 146.37096, -92.81035, -43.196217)

[node name="Tree30" parent="Forest" instance=ExtResource("19_l7y6d")]
transform = Transform3D(1, 0, 0, 0, 1, 0, 0, 0, 1, 56.545296, -93.520706, 121.13307)

[node name="Tree31" parent="Forest" instance=ExtResource("19_l7y6d")]
transform = Transform3D(1, 0, 0, 0, 1, 0, 0, 0, 1, 87.759865, -102.912415, 35.421234)

[node name="Tree32" parent="Forest" instance=ExtResource("19_l7y6d")]
transform = Transform3D(0.97802055, 0.20849878, 0.0020614192, -0.20849878, 0.97782713, 0.019554744, 0.0020614266, -0.019554744, 0.9998066, 10.829689, -59.31552, 141.25839)

[node name="Tree33" parent="Forest" instance=ExtResource("19_l7y6d")]
transform = Transform3D(0.95799613, 0.28675398, 0.003939472, -0.286754, 0.95762664, 0.026894169, 0.003939472, -0.026894169, 0.9996305, 72.67548, -107.82625, -6.8161087)

[node name="Tree34" parent="Forest" instance=ExtResource("19_l7y6d")]
transform = Transform3D(0.9991601, 0, -0.040986255, 0, 1, 0, 0.040986255, 0, 0.9991601, 156.32367, -73.50891, 68.53407)

[node name="Tree39" parent="Forest" instance=ExtResource("19_l7y6d")]
transform = Transform3D(0.27173752, 0.14150475, 0.9519114, -0.028564077, 0.98988104, -0.13899502, -0.9619473, 0.01057971, 0.27302974, 55.899498, -83.7806, 4.3338737)

[node name="Tree45" parent="Forest" instance=ExtResource("19_l7y6d")]
transform = Transform3D(0.96050006, -0.27825603, 0.0037046745, 0.278256, 0.9601525, -0.02609716, 0.0037046522, 0.02609715, 0.99965256, 111.43607, -69.7139, 69.759285)

[node name="Tree46" parent="Forest" instance=ExtResource("19_l7y6d")]
transform = Transform3D(1, 0, 0, 0, 1, 0, 0, 0, 1, 81.54246, -121.69005, -26.520813)

[node name="Tree47" parent="Forest" instance=ExtResource("19_l7y6d")]
transform = Transform3D(1, 0, 0, 0, 1, 0, 0, 0, 1, 39.783356, -95.78757, 68.13172)

[node name="Tree48" parent="Forest" instance=ExtResource("19_l7y6d")]
transform = Transform3D(1, 0, 0, 0, 1, 0, 0, 0, 1, 42.989426, -99.6528, 113.92497)

[node name="Tree49" parent="Forest" instance=ExtResource("19_l7y6d")]
transform = Transform3D(0.9802134, 0.1979349, 0.0018557459, -0.19793487, 0.98003936, 0.018563973, 0.0018557608, -0.018563975, 0.99982595, 40.16545, -78.83568, 75.58975)

[node name="Tree50" parent="Forest" instance=ExtResource("19_l7y6d")]
transform = Transform3D(1, 0, 0, 0, 1, 0, 0, 0, 1, 117.95092, -92.81035, -40.530746)

[node name="Tree51" parent="Forest" instance=ExtResource("19_l7y6d")]
transform = Transform3D(1, 0, 0, 0, 1, 0, 0, 0, 1, 49.914635, -97.736916, 98.75769)

[node name="Tree52" parent="Forest" instance=ExtResource("19_l7y6d")]
transform = Transform3D(0.97155076, 0.23681615, 0.0026681945, -0.23681615, 0.97130054, 0.022210581, 0.002668202, -0.02221058, 0.9997497, 40.354485, -79.771, 57.1075)

[node name="Tree53" parent="Forest" instance=ExtResource("19_l7y6d")]
transform = Transform3D(1, 0, 0, 0, 1, 0, 0, 0, 1, -5.616646, -53.68055, 142.8009)

[node name="Tree55" parent="Forest" instance=ExtResource("19_l7y6d")]
transform = Transform3D(0.99916005, 0, -0.040986262, 0, 1, 0, 0.040986262, 0, 0.99916005, 127.11997, -73.5708, 62.844147)

[node name="Tree58" parent="Forest" instance=ExtResource("19_l7y6d")]
transform = Transform3D(1, 0, 0, 0, 1, 0, 0, 0, 1, 25.019821, -65.157166, -14.531666)

[node name="Tree58" parent="Forest/Tree58" instance=ExtResource("19_l7y6d")]
transform = Transform3D(0.9949038, 0.100330725, -0.01001665, -0.10082947, 0.98990154, -0.09964172, -8.161366e-05, 0.100143895, 0.99497324, 7.282524, -1.9470596, -9.70182)

[node name="Tree63" parent="Forest" instance=ExtResource("19_l7y6d")]
transform = Transform3D(1, 0, 0, 0, 1, 0, 0, 0, 1, 34.819267, -69.78501, -19.598133)

[node name="Tree66" parent="Forest" instance=ExtResource("19_l7y6d")]
transform = Transform3D(1, 0, 0, 0, 1, 0, 0, 0, 1, 139.8561, -69.405495, 67.0938)

[node name="Tree67" parent="Forest" instance=ExtResource("19_l7y6d")]
transform = Transform3D(1, 0, 0, 0, 1, 0, 0, 0, 1, -4.2730865, -55.99011, -18.472334)

[node name="Tree68" parent="Forest" instance=ExtResource("19_l7y6d")]
transform = Transform3D(1, 0, 0, 0, 1, 0, 0, 0, 1, 59.989754, -94.82588, 66.2366)

[node name="Tree69" parent="Forest" instance=ExtResource("19_l7y6d")]
transform = Transform3D(1, 0, 0, 0, 1, 0, 0, 0, 1, 71.409485, -99.6528, 111.25951)

[node name="Tree71" parent="Forest" instance=ExtResource("19_l7y6d")]
transform = Transform3D(1, 0, 0, 0, 1, 0, 0, 0, 1, 146.37096, -92.81035, -43.196217)

[node name="Tree72" parent="Forest" instance=ExtResource("19_l7y6d")]
transform = Transform3D(1, 0, 0, 0, 1, 0, 0, 0, 1, 78.33467, -97.736916, 96.09224)

[node name="Tree73" parent="Forest" instance=ExtResource("19_l7y6d")]
transform = Transform3D(0.9993202, -0.036865633, 6.374717e-05, 0.036865633, 0.99931425, -0.0034575649, 6.375462e-05, 0.0034575653, 0.9999939, 50.30889, -81.83237, 146.89908)

[node name="Tree74" parent="Forest" instance=ExtResource("19_l7y6d")]
transform = Transform3D(1, 0, 0, 0, 1, 0, 0, 0, 1, 8.314705, -57.25093, 141.49428)

[node name="Tree75" parent="Forest" instance=ExtResource("19_l7y6d")]
transform = Transform3D(1, 0, 0, 0, 1, 0, 0, 0, 1, 72.67549, -107.82625, -6.8161087)

[node name="Tree76" parent="Forest" instance=ExtResource("19_l7y6d")]
transform = Transform3D(0.9991599, 0, -0.040986277, 0, 1, 0, 0.040986277, 0, 0.9991599, 155.54004, -73.5708, 60.178665)

[node name="Tree79" parent="Forest" instance=ExtResource("19_l7y6d")]
transform = Transform3D(1, 0, 0, 0, 1, 0, 0, 0, 1, -36.799583, -61.88259, 85.77031)

[node name="Tree80" parent="Forest" instance=ExtResource("19_l7y6d")]
transform = Transform3D(1, 0, 0, 0, 1, 0, 0, 0, 1, 32.333748, -72.66316, 138.55016)

[node name="Tree81" parent="Forest" instance=ExtResource("19_l7y6d")]
transform = Transform3D(0.99504524, 0.0994218, 0.00046468526, -0.0994218, 0.9950017, 0.009324601, 0.00046470016, -0.009324601, 0.9999563, 26.623283, -65.18119, 66.16594)

[node name="Tree82" parent="Forest" instance=ExtResource("19_l7y6d")]
transform = Transform3D(1, 0, 0, 0, 1, 0, 0, 0, 1, 30.302834, -59.98178, 178.4682)

