[gd_scene load_steps=36 format=3 uid="uid://c5hksj70ixl23"]

[ext_resource type="Script" uid="uid://dhyysmj0yhprb" path="res://addons/zylann.hterrain/hterrain.gd" id="1_07emt"]
[ext_resource type="Resource" uid="uid://c8kouskeme58a" path="res://models/Terrain/data.hterrain" id="2_owkif"]
[ext_resource type="Script" uid="uid://dxqdn5ho6vkac" path="res://addons/zylann.hterrain/hterrain_texture_set.gd" id="3_e3k6c"]
[ext_resource type="Texture2D" uid="uid://ed7dfxrek0cu" path="res://models/Terrain/terrain_1_slot0_albedo_bump.png" id="4_6w70u"]
[ext_resource type="Texture2D" uid="uid://wm064rx5vwc6" path="res://models/Terrain/terrain_1_slot1_albedo_bump.png" id="5_hki7a"]
[ext_resource type="Texture2D" uid="uid://bd5l402xdbnv" path="res://models/Terrain/terrain_1_slot2_albedo_bump.png" id="6_hwmyp"]
[ext_resource type="Texture2D" uid="uid://cdccl7ovwfunq" path="res://models/Terrain/terrain_1_slot3_albedo_bump.png" id="7_1dpee"]
[ext_resource type="Texture2D" uid="uid://6hw5q01qmvt4" path="res://models/Terrain/terrain_1_slot0_normal_roughness.png" id="8_4si6q"]
[ext_resource type="Texture2D" uid="uid://bfjdw1dfung0v" path="res://models/Terrain/terrain_1_slot1_normal_roughness.png" id="9_ecna2"]
[ext_resource type="Texture2D" uid="uid://c2kvrt11cv3gt" path="res://models/Terrain/terrain_1_slot2_normal_roughness.png" id="10_lvp6b"]
[ext_resource type="Texture2D" uid="uid://dw2c4287fd37h" path="res://models/Terrain/terrain_1_slot3_normal_roughness.png" id="11_wvqb5"]
[ext_resource type="Script" uid="uid://dfqfqlcyc24yo" path="res://addons/road-generator/nodes/road_manager.gd" id="12_momlp"]
[ext_resource type="Script" uid="uid://bfmdcbmgrleml" path="res://addons/road-generator/nodes/road_container.gd" id="13_kx7rx"]
[ext_resource type="Material" uid="uid://dpashsuk5lr4x" path="res://addons/road-generator/resources/road_texture.material" id="14_jpn8r"]
[ext_resource type="Script" uid="uid://cbgchi2egw4f0" path="res://addons/road-generator/nodes/road_point.gd" id="15_7sdwx"]
[ext_resource type="ArrayMesh" uid="uid://begsy3jdebk7w" path="res://assets/Untitled_Plane_001.res" id="16_owkif"]
[ext_resource type="Script" uid="uid://cj6s6gnlw4ecy" path="res://scripts/game_manager.gd" id="17_t3o2f"]
[ext_resource type="Texture2D" uid="uid://bkbskfoh2fet4" path="res://assets/raw_textures/torre_texture/Rocks006_1K-JPG_Roughness.jpg" id="18_07emt"]

[sub_resource type="Resource" id="Resource_bvgow"]
script = ExtResource("3_e3k6c")
mode = 0
textures = [[ExtResource("4_6w70u"), ExtResource("5_hki7a"), ExtResource("6_hwmyp"), ExtResource("7_1dpee")], [ExtResource("8_4si6q"), ExtResource("9_ecna2"), ExtResource("10_lvp6b"), ExtResource("11_wvqb5")]]

[sub_resource type="PhysicsMaterial" id="PhysicsMaterial_i2lkr"]

[sub_resource type="Curve3D" id="Curve3D_d3187"]
_data = {
"points": PackedVector3Array(0, 0, 0, 0, 0, 0, -0.120773315, -0.25447083, 0.17199707, 0, 0, 0, 0, 0, 0, 2.8751793, -0.24617386, 0.9456482, 0, 0, 0, 0, 0, 0, 12.529888, -2.0112953, 4.1294556, 0, 0, 0, 0, 0, 0, 16.21479, -2.5711136, 5.249298, 0, 0, 0, 0, 0, 0, 19.263203, -2.8102112, 6.1757813, 0, 0, 0, 0, 0, 0, 23.845444, -2.419281, 1.7716827, 0, 0, 0, 0, 0, 0, 26.456356, -2.3311768, -3.7226563, 0, 0, 0, 0, 0, 0, 31.378712, -2.3601341, -15.689545, 0, 0, 0, 0, 0, 0, 30.961391, -1.8413582, -21.519547, 0, 0, 0, 0, 0, 0, 28.745731, -0.2859764, -35.38011, 0, 0, 0, 0, 0, 0, 26.082954, 1.252945, -48.78157, 0, 0, 0, 0, 0, 0, 21.588608, 3.773182, -71.40106, 0, 0, 0, 0, 0, 0, 18.304573, 5.882107, -89.54356, 0, 0, 0, 0, 0, 0, 18.336506, 5.8458977, -89.953735, 0, 0, 0, 0, 0, 0, 19.00784, 5.924591, -91.48743, 0, 0, 0, 0, 0, 0, 19.49757, 6.1995926, -93.2305, 0, 0, 0, 0, 0, 0, 20.444138, 6.416481, -95.09006, 0, 0, 0, 0, 0, 0, 21.546265, 7.107086, -97.95657, 0, 0, 0, 0, 0, 0, 22.685478, 7.6783447, -100.45239, 0, 0, 0, 0, 0, 0, 24.201523, 8.084885, -102.60971, 0, 0, 0, 0, 0, 0, 25.98988, 8.645752, -105.75226, 0, 0, 0, 0, 0, 0, 28.162266, 9.3913765, -109.25104, 0, 0, 0, 0, 0, 0, 32.87766, 10.751728, -116.45938, 0, 0, 0, 0, 0, 0, 43.902172, 14.180405, -133.31229, 0, 0, 0, 0, 0, 0, 51.626152, 16.879307, -145.81891, 0, 0, 0, 0, 0, 0, 54.782185, 18.581696, -153.35123, 0, 0, 0, 0, 0, 0, 54.337036, 20.023464, -158.85883, 0, 0, 0, 0, 0, 0, 51.1962, 21.176468, -161.73666, 0, 0, 0, 0, 0, 0, 46.008556, 22.5887, -163.56213, 0, 0, 0, 0, 0, 0, 39.307602, 24.16085, -165.31302, 0, 0, 0, 0, 0, 0, 29.611385, 26.276688, -166.33548, 0, 0, 0, 0, 0, 0, 17.339478, 28.989807, -165.55843, 0, 0, 0, 0, 0, 0, 11.051479, 30.470818, -164.11606, 0, 0, 0, 0, 0, 0, 5.3986187, 32.019985, -160.824, 0, 0, 0, 0, 0, 0, 4.4350624, 32.52212, -158.25787, 0, 0, 0, 0, 0, 0, 4.240595, 33.057392, -154.26245, 0, 0, 0, 0, 0, 0, 3.4398785, 33.854618, -149.11792, 0, 0, 0, 0, 0, 0, 3.4819221, 34.37897, -144.46005, 0, 0, 0, 0, 0, 0, 3.0889091, 34.802067, -140.47092, 0, 0, 0, 0, 0, 0, 3.4927063, 35.74509, -134.21686, 0, 0, 0, 0, 0, 0, 3.362627, 35.926754, -132.57321, 0, 0, 0, 0, 0, 0, 3.3738575, 36.57658, -129.54828),
"tilts": PackedFloat32Array(0, 0, 0, 0, 0, 0, 0, 0, 0, 0, 0, 0, 0, 0, 0, 0, 0, 0, 0, 0, 0, 0, 0, 0, 0, 0, 0, 0, 0, 0, 0, 0, 0, 0, 0, 0, 0, 0, 0, 0, 0, 0)
}
point_count = 42

[sub_resource type="Curve3D" id="Curve3D_owkif"]
_data = {
"points": PackedVector3Array(0, 0, 0, 0, 0, 0, 24.308836, 82.66808, 48.660976, 0, 0, 0, 0, 0, 0, 24.150473, 81.338554, 41.419495, 0, 0, 0, 0, 0, 0, 24.755342, 78.54738, 29.277313, 0, 0, 0, 0, 0, 0, 25.088005, 77.66495, 25.448212, 0, 0, 0, 0, 0, 0, 25.376583, 77.00978, 22.302887, 0, 0, 0, 0, 0, 0, 25.481861, 76.737595, 20.862946, 0, 0, 0, 0, 0, 0, 26.796373, 76.466385, 19.998047, 0, 0, 0, 0, 0, 0, 28.381987, 76.01956, 19.146545, 0, 0, 0, 0, 0, 0, 35.098946, 73.664604, 17.685926),
"tilts": PackedFloat32Array(0, 0, 0, 0, 0, 0, 0, 0, 0)
}
point_count = 9

[sub_resource type="Curve3D" id="Curve3D_6w70u"]
_data = {
"points": PackedVector3Array(0, 0, 0, 0, 0, 0, 0.4351201, 49.235657, 169.77226, 0, 0, 0, 0, 0, 0, 4.2364264, 48.781483, 170.48204, 0, 0, 0, 0, 0, 0, 7.1213284, 48.257103, 171.1882, 0, 0, 0, 0, 0, 0, 11.205361, 47.407543, 171.97089, 0, 0, 0, 0, 0, 0, 20.201164, 45.76182, 175.07231, 0, 0, 0, 0, 0, 0, 26.57311, 44.708225, 177.33624, 0, 0, 0, 0, 0, 0, 32.11957, 43.87552, 179.3068, 0, 0, 0, 0, 0, 0, 36.587715, 43.353104, 180.44788, 0, 0, 0, 0, 0, 0, 40.933407, 43.321693, 171.2965, 0, 0, 0, 0, 0, 0, 43.338478, 43.37971, 165.17813, 0, 0, 0, 0, 0, 0, 44.70321, 43.39349, 161.86945, 0, 0, 0, 0, 0, 0, 43.87077, 43.933056, 157.25647, 0, 0, 0, 0, 0, 0, 42.647514, 45.0221, 148.85033, 0, 0, 0, 0, 0, 0, 41.30593, 46.23509, 140.3352, 0, 0, 0, 0, 0, 0, 36.174423, 50.097195, 113.347595, 0, 0, 0, 0, 0, 0, 33.724228, 51.867455, 100.46152, 0, 0, 0, 0, 0, 0, 32.114426, 53.210106, 89.38024, 0, 0, 0, 0, 0, 0, 32.36759, 53.807266, 84.65792, 0, 0, 0, 0, 0, 0, 34.749172, 54.57699, 78.9667, 0, 0, 0, 0, 0, 0, 51.356964, 59.114376, 53.302357, 0, 0, 0, 0, 0, 0, 62.488358, 62.491707, 35.634277, 0, 0, 0, 0, 0, 0, 65.81913, 63.800056, 29.442326),
"tilts": PackedFloat32Array(0, 0, 0, 0, 0, 0, 0, 0, 0, 0, 0, 0, 0, 0, 0, 0, 0, 0, 0, 0, 0, 0)
}
point_count = 22

[sub_resource type="Curve3D" id="Curve3D_hki7a"]
_data = {
"points": PackedVector3Array(0, 0, 0, 0, 0, 0, 46.09686, 70.804756, 16.851429, 0, 0, 0, 0, 0, 0, 49.460083, 70.89858, 16.977789, 0, 0, 0, 0, 0, 0, 53.92834, 69.69396, 17.325645, 0, 0, 0, 0, 0, 0, 57.70482, 68.81958, 17.600708, 0, 0, 0, 0, 0, 0, 64.92233, 66.74873, 19.714172, 0, 0, 0, 0, 0, 0, 68.27089, 65.763016, 21.743074, 0, 0, 0, 0, 0, 0, 68.04598, 65.00156, 24.656021, 0, 0, 0, 0, 0, 0, 67.0907, 64.40846, 26.50113, 0, 0, 0, 0, 0, 0, 65.75195, 63.790184, 29.528717),
"tilts": PackedFloat32Array(0, 0, 0, 0, 0, 0, 0, 0, 0)
}
point_count = 9

[sub_resource type="StandardMaterial3D" id="StandardMaterial3D_owkif"]
albedo_texture = ExtResource("18_07emt")

[sub_resource type="StandardMaterial3D" id="StandardMaterial3D_e3k6c"]
albedo_texture = ExtResource("18_07emt")

[sub_resource type="StandardMaterial3D" id="StandardMaterial3D_6w70u"]
albedo_texture = ExtResource("18_07emt")

[sub_resource type="StandardMaterial3D" id="StandardMaterial3D_hki7a"]
albedo_texture = ExtResource("18_07emt")

[sub_resource type="StandardMaterial3D" id="StandardMaterial3D_hwmyp"]
albedo_texture = ExtResource("18_07emt")

[sub_resource type="StandardMaterial3D" id="StandardMaterial3D_1dpee"]
albedo_texture = ExtResource("18_07emt")

[sub_resource type="StandardMaterial3D" id="StandardMaterial3D_4si6q"]
albedo_texture = ExtResource("18_07emt")

[sub_resource type="FogMaterial" id="FogMaterial_07emt"]
density = 4.8335

[sub_resource type="ProceduralSkyMaterial" id="ProceduralSkyMaterial_owkif"]

[sub_resource type="Sky" id="Sky_ecna2"]
sky_material = SubResource("ProceduralSkyMaterial_owkif")

[sub_resource type="Environment" id="Environment_6w70u"]
background_mode = 2
sky = SubResource("Sky_ecna2")
volumetric_fog_enabled = true
volumetric_fog_density = 0.0

[node name="Node3D" type="Node3D"]

[node name="Terrain" type="Node3D" parent="."]

[node name="HTerrain" type="Node3D" parent="Terrain"]
script = ExtResource("1_07emt")
_terrain_data = ExtResource("2_owkif")
chunk_size = 32
collision_enabled = true
collision_layer = 1
collision_mask = 1
shader_type = "Classic4"
custom_shader = null
custom_globalmap_shader = null
texture_set = SubResource("Resource_bvgow")
render_layers = 1
cast_shadow = 1
shader_params/u_ground_uv_scale_per_texture = null
shader_params/u_depth_blending = true
shader_params/u_triplanar = null
shader_params/u_tile_reduction = Vector4(1, 1, 0, 0)
shader_params/u_globalmap_blend_start = null
shader_params/u_globalmap_blend_distance = null
shader_params/u_colormap_opacity_per_texture = null
metadata/_custom_type_script = "uid://dhyysmj0yhprb"

[node name="Node3D" type="Node3D" parent="Terrain"]

[node name="RoadManager" type="Node3D" parent="Terrain/Node3D"]
transform = Transform3D(0.2, 0, 0, 0, 0.2, 0, 0, 0, 0.2, 0, 0, 0)
script = ExtResource("12_momlp")

[node name="Road_001" type="Node3D" parent="Terrain/Node3D/RoadManager"]
script = ExtResource("13_kx7rx")
material_resource = ExtResource("14_jpn8r")
density = 20.0
use_lowpoly_preview = true
physics_material = SubResource("PhysicsMaterial_i2lkr")
override_collision_layers = true
edge_containers = Array[NodePath]([NodePath(""), NodePath(""), NodePath(""), NodePath(""), NodePath(""), NodePath(""), NodePath(""), NodePath(""), NodePath(""), NodePath(""), NodePath(""), NodePath(""), NodePath(""), NodePath(""), NodePath(""), NodePath(""), NodePath(""), NodePath(""), NodePath(""), NodePath(""), NodePath(""), NodePath(""), NodePath(""), NodePath(""), NodePath(""), NodePath(""), NodePath(""), NodePath(""), NodePath(""), NodePath(""), NodePath(""), NodePath(""), NodePath(""), NodePath(""), NodePath(""), NodePath(""), NodePath(""), NodePath("")])
edge_rp_targets = Array[NodePath]([NodePath(""), NodePath(""), NodePath(""), NodePath(""), NodePath(""), NodePath(""), NodePath(""), NodePath(""), NodePath(""), NodePath(""), NodePath(""), NodePath(""), NodePath(""), NodePath(""), NodePath(""), NodePath(""), NodePath(""), NodePath(""), NodePath(""), NodePath(""), NodePath(""), NodePath(""), NodePath(""), NodePath(""), NodePath(""), NodePath(""), NodePath(""), NodePath(""), NodePath(""), NodePath(""), NodePath(""), NodePath(""), NodePath(""), NodePath(""), NodePath(""), NodePath(""), NodePath(""), NodePath("")])
edge_rp_target_dirs = Array[int]([-1, -1, -1, -1, -1, -1, -1, -1, -1, -1, -1, -1, -1, -1, -1, -1, -1, -1, -1, -1, -1, -1, -1, -1, -1, -1, -1, -1, -1, -1, -1, -1, -1, -1, -1, -1, -1, -1])
edge_rp_locals = Array[NodePath]([NodePath("RP_014"), NodePath("RP_014"), NodePath("RP_020"), NodePath("RP_020"), NodePath("RP_022"), NodePath("RP_022"), NodePath("RP_024"), NodePath("RP_024"), NodePath("RP_031"), NodePath("RP_031"), NodePath("RP_033"), NodePath("RP_033"), NodePath("RP_035"), NodePath("RP_035"), NodePath("RP_037"), NodePath("RP_037"), NodePath("RP_039"), NodePath("RP_039"), NodePath("RP_042"), NodePath("RP_042"), NodePath("RP_044"), NodePath("RP_044"), NodePath("RP_027"), NodePath("RP_027"), NodePath("RP_026"), NodePath("RP_026"), NodePath("_Node3D_34399"), NodePath("_Node3D_34399"), NodePath("_Node3D_35323"), NodePath("_Node3D_35323"), NodePath("RP_029"), NodePath("RP_029"), NodePath("RP_034"), NodePath("RP_034"), NodePath("RP_041"), NodePath("RP_041"), NodePath("RP_030"), NodePath("RP_045")])
edge_rp_local_dirs = Array[int]([0, 1, 0, 1, 0, 1, 0, 1, 0, 1, 0, 1, 0, 1, 0, 1, 0, 1, 0, 1, 0, 1, 0, 1, 0, 1, 0, 1, 0, 1, 0, 1, 0, 1, 0, 1, 1, 0])

[node name="RP_014" type="Node3D" parent="Terrain/Node3D/RoadManager/Road_001"]
transform = Transform3D(0.9185884, 0.021637328, -0.3946228, 0, 0.9985001, 0.05474817, 0.39521557, -0.05029103, 0.9172107, 530.82404, 136.25, 581.74677)
script = ExtResource("15_7sdwx")
traffic_dir = Array[int]([2, 2, 1, 1])
lanes = Array[int]([2, 4, 4, 2])
prior_mag = 16.0
next_mag = 16.0

[node name="RP_020" type="Node3D" parent="Terrain/Node3D/RoadManager/Road_001"]
transform = Transform3D(0.56754774, 0.12443579, -0.8138828, 0, 0.98851305, 0.15113528, 0.8233404, -0.085776486, 0.5610284, 623.13416, 121.24999, 302.11758)
script = ExtResource("15_7sdwx")
traffic_dir = Array[int]([2, 2, 1, 1])
lanes = Array[int]([2, 4, 4, 2])
prior_mag = 16.0
next_mag = 16.0

[node name="RP_022" type="Node3D" parent="Terrain/Node3D/RoadManager/Road_001"]
transform = Transform3D(0.9642351, -0.024208538, -0.26394, 0.08323619, 0.97309834, 0.21482909, 0.25163883, -0.22911516, 0.94031066, 637.1166, 116.088936, 234.31244)
script = ExtResource("15_7sdwx")
traffic_dir = Array[int]([2, 2, 1, 1])
lanes = Array[int]([2, 4, 4, 2])
prior_mag = 16.0
next_mag = 16.0

[node name="RP_024" type="Node3D" parent="Terrain/Node3D/RoadManager/Road_001"]
transform = Transform3D(0.97160566, -0.012703778, -0.23626462, 0, 0.9985577, -0.053691715, 0.23660588, 0.052167185, 0.97020423, 651.8625, 106.25, 142.25586)
script = ExtResource("15_7sdwx")
traffic_dir = Array[int]([2, 2, 1, 1])
lanes = Array[int]([2, 4, 4, 2])
prior_mag = 16.0
next_mag = 16.0

[node name="RP_031" type="Node3D" parent="Terrain/Node3D/RoadManager/Road_001"]
transform = Transform3D(0.053471435, 0.17376198, -0.98333484, 0.011485148, 0.9845719, 0.17460495, 0.9985035, -0.020630127, 0.050650757, 830.4752, 70.57829, 48.386765)
script = ExtResource("15_7sdwx")
traffic_dir = Array[int]([2, 2, 1, 1])
lanes = Array[int]([2, 4, 4, 2])
prior_mag = 16.0
next_mag = 16.0

[node name="RP_033" type="Node3D" parent="Terrain/Node3D/RoadManager/Road_001"]
transform = Transform3D(-0.7285586, 0.21131398, -0.651574, 0.037589356, 0.96212655, 0.26999944, 0.6839514, 0.17221822, -0.7089085, 927.3846, 48.34608, 91.53588)
script = ExtResource("15_7sdwx")
traffic_dir = Array[int]([2, 2, 1, 1])
lanes = Array[int]([2, 4, 4, 2])
prior_mag = 16.0
next_mag = 16.0

[node name="RP_035" type="Node3D" parent="Terrain/Node3D/RoadManager/Road_001"]
transform = Transform3D(0.22515157, 0.10944546, -0.9681573, -0.3407782, 0.9397566, 0.026984587, 0.9127855, 0.32385123, 0.24888425, 984.4537, 38.848953, 129.62384)
script = ExtResource("15_7sdwx")
traffic_dir = Array[int]([2, 2, 1, 1])
lanes = Array[int]([2, 4, 4, 2])
prior_mag = 16.0
next_mag = 16.0

[node name="RP_037" type="Node3D" parent="Terrain/Node3D/RoadManager/Road_001"]
transform = Transform3D(-0.94912124, -0.02058762, 0.31423765, -0.04890464, 0.99539083, -0.082497075, -0.31109086, -0.09366741, -0.94575304, 1032.0404, 30.13397, 155.10863)
script = ExtResource("15_7sdwx")
traffic_dir = Array[int]([2, 2, 1, 1])
lanes = Array[int]([2, 4, 4, 2])
prior_mag = 16.0
next_mag = 16.0

[node name="RP_039" type="Node3D" parent="Terrain/Node3D/RoadManager/Road_001"]
transform = Transform3D(-0.31872842, 0.040216755, -0.9469926, -0.30335858, 0.9422194, 0.14211513, 0.89799, 0.3325745, -0.2881119, 1073.866, 19.115482, 223.06902)
script = ExtResource("15_7sdwx")
traffic_dir = Array[int]([2, 2, 1, 1])
lanes = Array[int]([2, 4, 4, 2])
prior_mag = 16.0
next_mag = 16.0

[node name="RP_042" type="Node3D" parent="Terrain/Node3D/RoadManager/Road_001"]
transform = Transform3D(-0.22505349, 0.30913588, -0.92400545, 0.008748534, 0.9489367, 0.31534594, 0.9743073, 0.062886015, -0.21626592, 1160.352, 4.1400156, 248.05351)
script = ExtResource("15_7sdwx")
traffic_dir = Array[int]([2, 2, 1, 1])
lanes = Array[int]([2, 4, 4, 2])
prior_mag = 16.0
next_mag = 16.0

[node name="RP_044" type="Node3D" parent="Terrain/Node3D/RoadManager/Road_001"]
transform = Transform3D(-0.091113955, 0.013446491, -0.9957497, -0.058091406, 0.9981345, 0.01879422, 0.9941448, 0.059556913, -0.090162836, 1279.7922, 1.1358038, 231.77461)
script = ExtResource("15_7sdwx")
traffic_dir = Array[int]([2, 2, 1, 1])
lanes = Array[int]([2, 4, 4, 2])
prior_mag = 16.0
next_mag = 16.0

[node name="RP_027" type="Node3D" parent="Terrain/Node3D/RoadManager/Road_001"]
transform = Transform3D(0.23973355, 0.96620166, -0.09477522, -0.9291699, 0.25664154, 0.26604208, 0.28137356, 0.02428307, 0.9592909, 661.45874, 79.80618, 79.72522)
script = ExtResource("15_7sdwx")
traffic_dir = Array[int]([2, 2, 1, 1])
lanes = Array[int]([2, 4, 4, 2])
prior_mag = 16.0
next_mag = 16.0

[node name="RP_026" type="Node3D" parent="Terrain/Node3D/RoadManager/Road_001"]
transform = Transform3D(0.3954665, 0.267441, -0.8786818, -0.054569915, 0.9618207, 0.2681854, 0.91685796, -0.05810881, 0.394962, 701.11414, 87.4064, 67.21987)
script = ExtResource("15_7sdwx")
traffic_dir = Array[int]([2, 2, 1, 1])
lanes = Array[int]([2, 4, 4, 2])
prior_mag = 16.0
next_mag = 16.0

[node name="_Node3D_34399" type="Node3D" parent="Terrain/Node3D/RoadManager/Road_001"]
transform = Transform3D(1, 0, 0, 0, 1, 0, 0, 0, 1, 1054.5078, 25.843918, 204.06848)
script = ExtResource("15_7sdwx")
traffic_dir = Array[int]([2, 2, 1, 1])
lanes = Array[int]([2, 4, 4, 2])

[node name="_Node3D_35323" type="Node3D" parent="Terrain/Node3D/RoadManager/Road_001"]
transform = Transform3D(1, 0, 0, 0, 1, 0, 0, 0, 1, 1043.1945, 29.300697, 186.35583)
script = ExtResource("15_7sdwx")
traffic_dir = Array[int]([2, 2, 1, 1])
lanes = Array[int]([2, 4, 4, 2])

[node name="RP_029" type="Node3D" parent="Terrain/Node3D/RoadManager/Road_001"]
transform = Transform3D(-0.7266889, -0.468467, -0.50245565, 0.01107247, 0.72332966, -0.6904141, 0.68687725, -0.5072797, -0.52044874, 393.0084, 230.56822, 627.0673)
script = ExtResource("15_7sdwx")
traffic_dir = Array[int]([2, 2, 1, 1])
lanes = Array[int]([2, 4, 4, 2])
prior_mag = 16.0
next_mag = 16.0

[node name="RP_034" type="Node3D" parent="Terrain/Node3D/RoadManager/Road_001"]
transform = Transform3D(-0.59112746, 0.7257402, 0.35195053, 0.3401595, 0.61995953, -0.70706546, -0.73134094, -0.2982465, -0.6133427, 390.57074, 280.83737, 770.7199)
script = ExtResource("15_7sdwx")
traffic_dir = Array[int]([2, 2, 1, 1])
lanes = Array[int]([2, 4, 4, 2])
prior_mag = 16.0
next_mag = 16.0

[node name="RP_041" type="Node3D" parent="Terrain/Node3D/RoadManager/Road_001"]
transform = Transform3D(-0.9352913, 0.32133088, 0.14825076, 0.2980574, 0.9411305, -0.1594873, -0.1907714, -0.104979575, -0.97600585, 370.48892, 187.00804, 821.2659)
script = ExtResource("15_7sdwx")
traffic_dir = Array[int]([2, 2, 1, 1])
lanes = Array[int]([2, 4, 4, 2])
prior_mag = 16.0
next_mag = 16.0

[node name="RP_028" type="Node3D" parent="Terrain/Node3D/RoadManager/Road_001"]
transform = Transform3D(-0.03860165, -0.06213548, 0.99732107, 0.077418186, 0.99487895, 0.06497985, -0.9962511, 0.07971912, -0.03359356, 181.77817, 213.67522, 912.7503)
script = ExtResource("15_7sdwx")
traffic_dir = Array[int]([2, 2, 1, 1])
lanes = Array[int]([2, 4, 4, 2])
prior_mag = 21.470842
next_mag = 16.0
prior_pt_init = NodePath("../RP_030")
next_pt_init = NodePath("../RP_032")

[node name="RP_030" type="Node3D" parent="Terrain/Node3D/RoadManager/Road_001"]
transform = Transform3D(-0.29530913, 0.30280912, 0.9061453, -0.0024217255, 0.94820386, -0.31765324, -0.9553986, -0.09600033, -0.27928013, 1.5618694, 248.83807, 858.00977)
script = ExtResource("15_7sdwx")
traffic_dir = Array[int]([2, 2, 1, 1])
lanes = Array[int]([2, 4, 4, 2])
prior_mag = 21.470842
next_mag = 21.470842
next_pt_init = NodePath("../RP_028")

[node name="RP_036" type="Node3D" parent="Terrain/Node3D/RoadManager/Road_001"]
transform = Transform3D(-0.9170484, 0.37085328, -0.14659427, 0.3582613, 0.92763543, 0.10555378, 0.17513092, 0.044278875, -0.9835492, 167.6793, 260.12103, 444.4654)
script = ExtResource("15_7sdwx")
traffic_dir = Array[int]([2, 2, 1, 1])
lanes = Array[int]([2, 4, 4, 2])
prior_mag = 42.731846
next_mag = 52.83265
prior_pt_init = NodePath("../RP_032")
next_pt_init = NodePath("../RP_038")

[node name="RP_038" type="Node3D" parent="Terrain/Node3D/RoadManager/Road_001"]
transform = Transform3D(-0.8338642, 0.09843018, -0.54312253, -0.058569867, 0.9626379, 0.26438233, 0.5488533, 0.25226963, -0.7969445, 348.07767, 326.91718, 103.56057)
script = ExtResource("15_7sdwx")
traffic_dir = Array[int]([2, 2, 1, 1])
lanes = Array[int]([2, 4, 4, 2])
prior_mag = 52.83265
next_mag = 48.033176
prior_pt_init = NodePath("../RP_036")
next_pt_init = NodePath("../RP_040")

[node name="RP_040" type="Node3D" parent="Terrain/Node3D/RoadManager/Road_001"]
transform = Transform3D(0.6888039, 0.3515837, -0.63398695, -0.28042394, 0.9356686, 0.21421371, 0.66851544, 0.030233787, 0.7430841, 119.23356, 384.88205, 97.01934)
script = ExtResource("15_7sdwx")
traffic_dir = Array[int]([2, 2, 2, 1, 1])
lanes = Array[int]([2, 3, 4, 4, 2])
prior_mag = 48.033176
next_mag = 16.0
prior_pt_init = NodePath("../RP_038")
next_pt_init = NodePath("../RP_043")

[node name="RP_032" type="Node3D" parent="Terrain/Node3D/RoadManager/Road_001"]
transform = Transform3D(-0.9452372, -0.025791543, 0.32536376, -0.031738427, 0.9994119, -0.012982305, -0.32483754, -0.022597888, -0.9455001, 232.21881, 214.87134, 812.00446)
script = ExtResource("15_7sdwx")
traffic_dir = Array[int]([2, 2, 1, 1])
lanes = Array[int]([2, 4, 4, 2])
prior_mag = 16.0
next_mag = 16.0
prior_pt_init = NodePath("../RP_028")
next_pt_init = NodePath("../RP_036")

[node name="RP_043" type="Node3D" parent="Terrain/Node3D/RoadManager/Road_001"]
transform = Transform3D(0.99569535, -0.06792562, 0.063070096, 0.052933004, 0.9752511, 0.2146721, -0.076090924, -0.21040946, 0.9746479, 110.52185, 411.3101, 245.95148)
script = ExtResource("15_7sdwx")
traffic_dir = Array[int]([2, 2, 1, 1])
lanes = Array[int]([2, 4, 4, 2])
prior_mag = 16.0
next_mag = 16.251608
prior_pt_init = NodePath("../RP_040")
next_pt_init = NodePath("../RP_045")

[node name="RP_045" type="Node3D" parent="Terrain/Node3D/RoadManager/Road_001"]
transform = Transform3D(0.99805003, 1.9333575e-05, -0.062424053, -0.010577162, 0.98559314, -0.16880573, 0.061521567, 0.16913673, 0.98367095, 109.941086, 411.1739, 281.15436)
script = ExtResource("15_7sdwx")
traffic_dir = Array[int]([2, 2, 1, 1])
lanes = Array[int]([2, 4, 4, 2])
prior_mag = 16.251608
next_mag = 16.251608
prior_pt_init = NodePath("../RP_043")

[node name="PathMesh3D" type="PathMesh3D" parent="Terrain" node_paths=PackedStringArray("path_3d")]
path_3d = NodePath("Path3D")
mesh = ExtResource("16_owkif")
surface_0/tile_rotation = Vector3(0, -1.5707964, 0)
surface_0/tile_rotation_order = 2
surface_0/distribution = 0
surface_0/alignment = 0
surface_0/warp_along_curve = true
surface_0/sample_cubic = false
surface_0/tilt = true
surface_0/offset = Vector2(0, 0)
surface_0/triangle_count = 488941
transform = Transform3D(1, 0, 0, 0, 1, 0, 0, 0, 1, 17.089224, 45.864685, 178.42978)

[node name="Path3D" type="Path3D" parent="Terrain/PathMesh3D"]
transform = Transform3D(1, 0, 0, 0, 1, 0, 0, 0, 1, -0.5975895, 0, 0)
curve = SubResource("Curve3D_d3187")

[node name="PathMesh3D2" type="PathMesh3D" parent="Terrain" node_paths=PackedStringArray("path_3d")]
path_3d = NodePath("Path3D")
mesh = ExtResource("16_owkif")
surface_0/tile_rotation = Vector3(0, -1.5707964, 0)
surface_0/tile_rotation_order = 2
surface_0/distribution = 0
surface_0/alignment = 0
surface_0/warp_along_curve = true
surface_0/sample_cubic = false
surface_0/tilt = true
surface_0/offset = Vector2(0, 0)
surface_0/triangle_count = 65885

[node name="Path3D" type="Path3D" parent="Terrain/PathMesh3D2"]
curve = SubResource("Curve3D_owkif")

[node name="PathMesh3D4" type="PathMesh3D" parent="Terrain" node_paths=PackedStringArray("path_3d")]
path_3d = NodePath("Path3D")
mesh = ExtResource("16_owkif")
surface_0/tile_rotation = Vector3(0, 1.5707964, 0)
surface_0/tile_rotation_order = 2
surface_0/distribution = 0
surface_0/alignment = 0
surface_0/warp_along_curve = true
surface_0/sample_cubic = false
surface_0/tilt = true
surface_0/offset = Vector2(0, 0)
surface_0/triangle_count = 346766

[node name="Path3D" type="Path3D" parent="Terrain/PathMesh3D4"]
curve = SubResource("Curve3D_6w70u")

[node name="PathMesh3D5" type="PathMesh3D" parent="Terrain" node_paths=PackedStringArray("path_3d")]
path_3d = NodePath("Path3D")
mesh = ExtResource("16_owkif")
surface_0/tile_rotation = Vector3(0, -1.5707964, 0)
surface_0/tile_rotation_order = 2
surface_0/distribution = 0
surface_0/alignment = 0
surface_0/warp_along_curve = true
surface_0/sample_cubic = false
surface_0/tilt = true
surface_0/offset = Vector2(0, 0)
surface_0/triangle_count = 52015

[node name="Path3D" type="Path3D" parent="Terrain/PathMesh3D5"]
curve = SubResource("Curve3D_hki7a")

[node name="GameManager" type="Node3D" parent="."]
script = ExtResource("17_t3o2f")

[node name="tunelFim" type="Node3D" parent="."]
transform = Transform3D(1, 0, 0, 0, 9.80181, 0, 0, 0, 1, 48.687088, 350.64056, 98.306404)

[node name="CSGCylinder3D" type="CSGCylinder3D" parent="tunelFim"]
transform = Transform3D(1, 0, 0, 0, 0.25683552, 0, 0, 0, 1, -28.52339, -27.151413, -49.014156)
height = 1.9077148
material = SubResource("StandardMaterial3D_owkif")

[node name="CSGCylinder3D2" type="CSGCylinder3D" parent="tunelFim"]
transform = Transform3D(1, 0, 0, 0, 0.24964307, 0, 0, 0, 1, -24.343544, -27.139835, -49.153202)
height = 1.9077148
material = SubResource("StandardMaterial3D_e3k6c")

[node name="CSGCylinder3D3" type="CSGCylinder3D" parent="tunelFim"]
transform = Transform3D(-0.0002975762, -1.7638719, 0, 0.11840036, -0.0044331127, 0, 0, 0, 0.8623475, -26.416813, -26.848917, -49.169666)
height = 1.9077148
material = SubResource("StandardMaterial3D_6w70u")

[node name="CSGCylinder3D4" type="CSGCylinder3D" parent="tunelFim"]
transform = Transform3D(0.008868865, -0.3409644, 0, 0.115710035, 0.026134014, 0, 0, 0, 0.8623474, -24.416996, -26.868713, -49.169666)
height = 1.9077148
material = SubResource("StandardMaterial3D_hki7a")

[node name="CSGCylinder3D5" type="CSGCylinder3D" parent="tunelFim"]
transform = Transform3D(-0.0052400725, -0.3416157, 0, 0.11593105, -0.015440982, 0, 0, 0, 0.8623474, -28.400383, -26.86576, -49.169666)
height = 1.9077148
material = SubResource("StandardMaterial3D_hwmyp")

[node name="CSGCylinder3D7" type="CSGCylinder3D" parent="tunelFim"]
transform = Transform3D(0.008716474, -0.11437351, 0, 0.10819391, 0.009214333, 0, 0, 0, 0.8623471, -23.991617, -26.896936, -49.169666)
height = 1.9077148
material = SubResource("StandardMaterial3D_1dpee")

[node name="CSGCylinder3D8" type="CSGCylinder3D" parent="tunelFim"]
transform = Transform3D(-0.010269635, -0.114229366, 0, 0.108057566, -0.010856187, 0, 0, 0, 0.8623471, -28.831036, -26.885849, -49.169666)
height = 1.9077148
material = SubResource("StandardMaterial3D_4si6q")

[node name="FogVolume" type="FogVolume" parent="tunelFim"]
transform = Transform3D(-2.1411867, 0, 0, 0, 0.42936182, 0, 0, 0, 4.897965, -26.39666, -27.272827, -44.449924)
size = Vector3(1.9852295, 2, 2)
material = SubResource("FogMaterial_07emt")

[node name="WorldEnvironment" type="WorldEnvironment" parent="."]
environment = SubResource("Environment_6w70u")
