[gd_scene load_steps=38 format=3 uid="uid://c5hksj70ixl23"]

[ext_resource type="Script" uid="uid://dhyysmj0yhprb" path="res://addons/zylann.hterrain/hterrain.gd" id="1_07emt"]
[ext_resource type="Resource" uid="uid://c8kouskeme58a" path="res://models/Terrain/data.hterrain" id="2_owkif"]
[ext_resource type="Script" uid="uid://dxqdn5ho6vkac" path="res://addons/zylann.hterrain/hterrain_texture_set.gd" id="3_e3k6c"]
[ext_resource type="Texture2D" uid="uid://ed7dfxrek0cu" path="res://models/Terrain/terrain_1_slot0_albedo_bump.png" id="4_6w70u"]
[ext_resource type="Texture2D" uid="uid://wm064rx5vwc6" path="res://models/Terrain/terrain_1_slot1_albedo_bump.png" id="5_hki7a"]
[ext_resource type="Texture2D" uid="uid://bd5l402xdbnv" path="res://models/Terrain/terrain_1_slot2_albedo_bump.png" id="6_hwmyp"]
[ext_resource type="Texture2D" uid="uid://cdccl7ovwfunq" path="res://models/Terrain/terrain_1_slot3_albedo_bump.png" id="7_1dpee"]
[ext_resource type="Texture2D" uid="uid://6hw5q01qmvt4" path="res://models/Terrain/terrain_1_slot0_normal_roughness.png" id="8_4si6q"]
[ext_resource type="Texture2D" uid="uid://bfjdw1dfung0v" path="res://models/Terrain/terrain_1_slot1_normal_roughness.png" id="9_ecna2"]
[ext_resource type="Texture2D" uid="uid://c2kvrt11cv3gt" path="res://models/Terrain/terrain_1_slot2_normal_roughness.png" id="10_lvp6b"]
[ext_resource type="Texture2D" uid="uid://dw2c4287fd37h" path="res://models/Terrain/terrain_1_slot3_normal_roughness.png" id="11_wvqb5"]
[ext_resource type="Script" uid="uid://dfqfqlcyc24yo" path="res://addons/road-generator/nodes/road_manager.gd" id="12_momlp"]
[ext_resource type="Script" uid="uid://bfmdcbmgrleml" path="res://addons/road-generator/nodes/road_container.gd" id="13_kx7rx"]
[ext_resource type="Material" uid="uid://dpashsuk5lr4x" path="res://addons/road-generator/resources/road_texture.material" id="14_jpn8r"]
[ext_resource type="Script" uid="uid://cbgchi2egw4f0" path="res://addons/road-generator/nodes/road_point.gd" id="15_7sdwx"]
[ext_resource type="ArrayMesh" uid="uid://begsy3jdebk7w" path="res://assets/Untitled_Plane_001.res" id="16_owkif"]
[ext_resource type="Script" uid="uid://cj6s6gnlw4ecy" path="res://scripts/game_manager.gd" id="17_t3o2f"]
[ext_resource type="Texture2D" uid="uid://bkbskfoh2fet4" path="res://assets/raw_textures/torre_texture/Rocks006_1K-JPG_Roughness.jpg" id="18_07emt"]
[ext_resource type="PackedScene" uid="uid://cbj1qjxm0gm3g" path="res://scenes/tree.tscn" id="18_lb77h"]

[sub_resource type="Resource" id="Resource_bvgow"]
script = ExtResource("3_e3k6c")
mode = 0
textures = [[ExtResource("4_6w70u"), ExtResource("5_hki7a"), ExtResource("6_hwmyp"), ExtResource("7_1dpee")], [ExtResource("8_4si6q"), ExtResource("9_ecna2"), ExtResource("10_lvp6b"), ExtResource("11_wvqb5")]]

[sub_resource type="PhysicsMaterial" id="PhysicsMaterial_i2lkr"]

[sub_resource type="Curve3D" id="Curve3D_d3187"]
_data = {
"points": PackedVector3Array(0, 0, 0, 0, 0, 0, -0.120773315, -0.25447083, 0.17199707, 0, 0, 0, 0, 0, 0, 2.8751793, -0.24617386, 0.9456482, 0, 0, 0, 0, 0, 0, 12.529888, -2.0112953, 4.1294556, 0, 0, 0, 0, 0, 0, 16.21479, -2.5711136, 5.249298, 0, 0, 0, 0, 0, 0, 19.263203, -2.8102112, 6.1757813, 0, 0, 0, 0, 0, 0, 23.845444, -2.419281, 1.7716827, 0, 0, 0, 0, 0, 0, 26.456356, -2.3311768, -3.7226563, 0, 0, 0, 0, 0, 0, 31.378712, -2.3601341, -15.689545, 0, 0, 0, 0, 0, 0, 30.961391, -1.8413582, -21.519547, 0, 0, 0, 0, 0, 0, 28.745731, -0.2859764, -35.38011, 0, 0, 0, 0, 0, 0, 26.082954, 1.252945, -48.78157, 0, 0, 0, 0, 0, 0, 21.588608, 3.773182, -71.40106, 0, 0, 0, 0, 0, 0, 18.304573, 5.882107, -89.54356, 0, 0, 0, 0, 0, 0, 18.336506, 5.8458977, -89.953735, 0, 0, 0, 0, 0, 0, 19.00784, 5.924591, -91.48743, 0, 0, 0, 0, 0, 0, 19.49757, 6.1995926, -93.2305, 0, 0, 0, 0, 0, 0, 20.444138, 6.416481, -95.09006, 0, 0, 0, 0, 0, 0, 21.546265, 7.107086, -97.95657, 0, 0, 0, 0, 0, 0, 22.685478, 7.6783447, -100.45239, 0, 0, 0, 0, 0, 0, 24.201523, 8.084885, -102.60971, 0, 0, 0, 0, 0, 0, 25.98988, 8.645752, -105.75226, 0, 0, 0, 0, 0, 0, 28.162266, 9.3913765, -109.25104, 0, 0, 0, 0, 0, 0, 32.87766, 10.751728, -116.45938, 0, 0, 0, 0, 0, 0, 43.902172, 14.180405, -133.31229, 0, 0, 0, 0, 0, 0, 51.626152, 16.879307, -145.81891, 0, 0, 0, 0, 0, 0, 54.782185, 18.581696, -153.35123, 0, 0, 0, 0, 0, 0, 54.337036, 20.023464, -158.85883, 0, 0, 0, 0, 0, 0, 51.1962, 21.176468, -161.73666, 0, 0, 0, 0, 0, 0, 46.008556, 22.5887, -163.56213, 0, 0, 0, 0, 0, 0, 39.307602, 24.16085, -165.31302, 0, 0, 0, 0, 0, 0, 29.611385, 26.276688, -166.33548, 0, 0, 0, 0, 0, 0, 17.339478, 28.989807, -165.55843, 0, 0, 0, 0, 0, 0, 11.051479, 30.470818, -164.11606, 0, 0, 0, 0, 0, 0, 5.3986187, 32.019985, -160.824, 0, 0, 0, 0, 0, 0, 4.4350624, 32.52212, -158.25787, 0, 0, 0, 0, 0, 0, 4.240595, 33.057392, -154.26245, 0, 0, 0, 0, 0, 0, 3.4398785, 33.854618, -149.11792, 0, 0, 0, 0, 0, 0, 3.4819221, 34.37897, -144.46005, 0, 0, 0, 0, 0, 0, 3.0889091, 34.802067, -140.47092, 0, 0, 0, 0, 0, 0, 3.4927063, 35.74509, -134.21686, 0, 0, 0, 0, 0, 0, 3.362627, 35.926754, -132.57321, 0, 0, 0, 0, 0, 0, 3.3738575, 36.57658, -129.54828),
"tilts": PackedFloat32Array(0, 0, 0, 0, 0, 0, 0, 0, 0, 0, 0, 0, 0, 0, 0, 0, 0, 0, 0, 0, 0, 0, 0, 0, 0, 0, 0, 0, 0, 0, 0, 0, 0, 0, 0, 0, 0, 0, 0, 0, 0, 0)
}
point_count = 42

[sub_resource type="Curve3D" id="Curve3D_owkif"]
_data = {
"points": PackedVector3Array(0, 0, 0, 0, 0, 0, 24.308836, 82.66808, 48.660976, 0, 0, 0, 0, 0, 0, 24.150473, 81.338554, 41.419495, 0, 0, 0, 0, 0, 0, 24.755342, 78.54738, 29.277313, 0, 0, 0, 0, 0, 0, 25.088005, 77.66495, 25.448212, 0, 0, 0, 0, 0, 0, 25.376583, 77.00978, 22.302887, 0, 0, 0, 0, 0, 0, 25.481861, 76.737595, 20.862946, 0, 0, 0, 0, 0, 0, 26.796373, 76.466385, 19.998047, 0, 0, 0, 0, 0, 0, 28.381987, 76.01956, 19.146545, 0, 0, 0, 0, 0, 0, 35.098946, 73.664604, 17.685926),
"tilts": PackedFloat32Array(0, 0, 0, 0, 0, 0, 0, 0, 0)
}
point_count = 9

[sub_resource type="Curve3D" id="Curve3D_6w70u"]
_data = {
"points": PackedVector3Array(0, 0, 0, 0, 0, 0, 0.4351201, 49.235657, 169.77226, 0, 0, 0, 0, 0, 0, 4.2364264, 48.781483, 170.48204, 0, 0, 0, 0, 0, 0, 7.1213284, 48.257103, 171.1882, 0, 0, 0, 0, 0, 0, 11.205361, 47.407543, 171.97089, 0, 0, 0, 0, 0, 0, 20.201164, 45.76182, 175.07231, 0, 0, 0, 0, 0, 0, 26.57311, 44.708225, 177.33624, 0, 0, 0, 0, 0, 0, 32.11957, 43.87552, 179.3068, 0, 0, 0, 0, 0, 0, 36.587715, 43.353104, 180.44788, 0, 0, 0, 0, 0, 0, 40.933407, 43.321693, 171.2965, 0, 0, 0, 0, 0, 0, 43.338478, 43.37971, 165.17813, 0, 0, 0, 0, 0, 0, 44.70321, 43.39349, 161.86945, 0, 0, 0, 0, 0, 0, 43.87077, 43.933056, 157.25647, 0, 0, 0, 0, 0, 0, 42.647514, 45.0221, 148.85033, 0, 0, 0, 0, 0, 0, 41.30593, 46.23509, 140.3352, 0, 0, 0, 0, 0, 0, 36.174423, 50.097195, 113.347595, 0, 0, 0, 0, 0, 0, 33.724228, 51.867455, 100.46152, 0, 0, 0, 0, 0, 0, 32.114426, 53.210106, 89.38024, 0, 0, 0, 0, 0, 0, 32.36759, 53.807266, 84.65792, 0, 0, 0, 0, 0, 0, 34.749172, 54.57699, 78.9667, 0, 0, 0, 0, 0, 0, 51.356964, 59.114376, 53.302357, 0, 0, 0, 0, 0, 0, 62.488358, 62.491707, 35.634277, 0, 0, 0, 0, 0, 0, 65.81913, 63.800056, 29.442326),
"tilts": PackedFloat32Array(0, 0, 0, 0, 0, 0, 0, 0, 0, 0, 0, 0, 0, 0, 0, 0, 0, 0, 0, 0, 0, 0)
}
point_count = 22

[sub_resource type="Curve3D" id="Curve3D_hki7a"]
_data = {
"points": PackedVector3Array(0, 0, 0, 0, 0, 0, 46.09686, 70.804756, 16.851429, 0, 0, 0, 0, 0, 0, 49.460083, 70.89858, 16.977789, 0, 0, 0, 0, 0, 0, 53.92834, 69.69396, 17.325645, 0, 0, 0, 0, 0, 0, 57.70482, 68.81958, 17.600708, 0, 0, 0, 0, 0, 0, 64.92233, 66.74873, 19.714172, 0, 0, 0, 0, 0, 0, 68.27089, 65.763016, 21.743074, 0, 0, 0, 0, 0, 0, 68.04598, 65.00156, 24.656021, 0, 0, 0, 0, 0, 0, 67.0907, 64.40846, 26.50113, 0, 0, 0, 0, 0, 0, 65.75195, 63.790184, 29.528717),
"tilts": PackedFloat32Array(0, 0, 0, 0, 0, 0, 0, 0, 0)
}
point_count = 9

[sub_resource type="GDScript" id="GDScript_jliok"]

[sub_resource type="StandardMaterial3D" id="StandardMaterial3D_owkif"]
albedo_texture = ExtResource("18_07emt")

[sub_resource type="StandardMaterial3D" id="StandardMaterial3D_e3k6c"]
albedo_texture = ExtResource("18_07emt")

[sub_resource type="StandardMaterial3D" id="StandardMaterial3D_6w70u"]
albedo_texture = ExtResource("18_07emt")

[sub_resource type="StandardMaterial3D" id="StandardMaterial3D_hki7a"]
albedo_texture = ExtResource("18_07emt")

[sub_resource type="StandardMaterial3D" id="StandardMaterial3D_hwmyp"]
albedo_texture = ExtResource("18_07emt")

[sub_resource type="StandardMaterial3D" id="StandardMaterial3D_1dpee"]
albedo_texture = ExtResource("18_07emt")

[sub_resource type="StandardMaterial3D" id="StandardMaterial3D_4si6q"]
albedo_texture = ExtResource("18_07emt")

[sub_resource type="FogMaterial" id="FogMaterial_07emt"]
density = 4.8335

[sub_resource type="ProceduralSkyMaterial" id="ProceduralSkyMaterial_owkif"]

[sub_resource type="Sky" id="Sky_ecna2"]
sky_material = SubResource("ProceduralSkyMaterial_owkif")

[sub_resource type="Environment" id="Environment_6w70u"]
background_mode = 2
sky = SubResource("Sky_ecna2")
volumetric_fog_enabled = true
volumetric_fog_density = 0.0

[node name="Node3D" type="Node3D"]

[node name="Terrain" type="Node3D" parent="."]

[node name="HTerrain" type="Node3D" parent="Terrain"]
script = ExtResource("1_07emt")
_terrain_data = ExtResource("2_owkif")
chunk_size = 32
collision_enabled = true
collision_layer = 1
collision_mask = 1
shader_type = "Classic4"
custom_shader = null
custom_globalmap_shader = null
texture_set = SubResource("Resource_bvgow")
render_layers = 1
cast_shadow = 1
shader_params/u_ground_uv_scale_per_texture = null
shader_params/u_depth_blending = true
shader_params/u_triplanar = null
shader_params/u_tile_reduction = Vector4(1, 1, 0, 0)
shader_params/u_globalmap_blend_start = null
shader_params/u_globalmap_blend_distance = null
shader_params/u_colormap_opacity_per_texture = null
metadata/_custom_type_script = "uid://dhyysmj0yhprb"

[node name="Node3D" type="Node3D" parent="Terrain"]

[node name="RoadManager" type="Node3D" parent="Terrain/Node3D"]
transform = Transform3D(0.2, 0, 0, 0, 0.2, 0, 0, 0, 0.2, 0, 0, 0)
script = ExtResource("12_momlp")

[node name="Road_001" type="Node3D" parent="Terrain/Node3D/RoadManager"]
script = ExtResource("13_kx7rx")
material_resource = ExtResource("14_jpn8r")
density = 20.0
use_lowpoly_preview = true
physics_material = SubResource("PhysicsMaterial_i2lkr")
override_collision_layers = true
edge_containers = Array[NodePath]([NodePath(""), NodePath(""), NodePath(""), NodePath(""), NodePath(""), NodePath(""), NodePath(""), NodePath(""), NodePath(""), NodePath(""), NodePath(""), NodePath(""), NodePath(""), NodePath(""), NodePath(""), NodePath(""), NodePath(""), NodePath(""), NodePath(""), NodePath(""), NodePath(""), NodePath(""), NodePath(""), NodePath(""), NodePath(""), NodePath(""), NodePath(""), NodePath(""), NodePath(""), NodePath(""), NodePath(""), NodePath(""), NodePath(""), NodePath(""), NodePath(""), NodePath(""), NodePath(""), NodePath("")])
edge_rp_targets = Array[NodePath]([NodePath(""), NodePath(""), NodePath(""), NodePath(""), NodePath(""), NodePath(""), NodePath(""), NodePath(""), NodePath(""), NodePath(""), NodePath(""), NodePath(""), NodePath(""), NodePath(""), NodePath(""), NodePath(""), NodePath(""), NodePath(""), NodePath(""), NodePath(""), NodePath(""), NodePath(""), NodePath(""), NodePath(""), NodePath(""), NodePath(""), NodePath(""), NodePath(""), NodePath(""), NodePath(""), NodePath(""), NodePath(""), NodePath(""), NodePath(""), NodePath(""), NodePath(""), NodePath(""), NodePath("")])
edge_rp_target_dirs = Array[int]([-1, -1, -1, -1, -1, -1, -1, -1, -1, -1, -1, -1, -1, -1, -1, -1, -1, -1, -1, -1, -1, -1, -1, -1, -1, -1, -1, -1, -1, -1, -1, -1, -1, -1, -1, -1, -1, -1])
edge_rp_locals = Array[NodePath]([NodePath("RP_014"), NodePath("RP_014"), NodePath("RP_020"), NodePath("RP_020"), NodePath("RP_022"), NodePath("RP_022"), NodePath("RP_024"), NodePath("RP_024"), NodePath("RP_031"), NodePath("RP_031"), NodePath("RP_033"), NodePath("RP_033"), NodePath("RP_035"), NodePath("RP_035"), NodePath("RP_037"), NodePath("RP_037"), NodePath("RP_039"), NodePath("RP_039"), NodePath("RP_042"), NodePath("RP_042"), NodePath("RP_044"), NodePath("RP_044"), NodePath("RP_027"), NodePath("RP_027"), NodePath("RP_026"), NodePath("RP_026"), NodePath("_Node3D_34399"), NodePath("_Node3D_34399"), NodePath("_Node3D_35323"), NodePath("_Node3D_35323"), NodePath("RP_029"), NodePath("RP_029"), NodePath("RP_034"), NodePath("RP_034"), NodePath("RP_041"), NodePath("RP_041"), NodePath("RP_030"), NodePath("RP_045")])
edge_rp_local_dirs = Array[int]([0, 1, 0, 1, 0, 1, 0, 1, 0, 1, 0, 1, 0, 1, 0, 1, 0, 1, 0, 1, 0, 1, 0, 1, 0, 1, 0, 1, 0, 1, 0, 1, 0, 1, 0, 1, 1, 0])

[node name="RP_014" type="Node3D" parent="Terrain/Node3D/RoadManager/Road_001"]
transform = Transform3D(0.9185884, 0.021637328, -0.3946228, 0, 0.9985001, 0.05474817, 0.39521557, -0.05029103, 0.9172107, 530.82404, 136.25, 581.74677)
script = ExtResource("15_7sdwx")
traffic_dir = Array[int]([2, 2, 1, 1])
lanes = Array[int]([2, 4, 4, 2])
prior_mag = 16.0
next_mag = 16.0

[node name="RP_020" type="Node3D" parent="Terrain/Node3D/RoadManager/Road_001"]
transform = Transform3D(0.56754774, 0.12443579, -0.8138828, 0, 0.98851305, 0.15113528, 0.8233404, -0.085776486, 0.5610284, 623.13416, 121.24999, 302.11758)
script = ExtResource("15_7sdwx")
traffic_dir = Array[int]([2, 2, 1, 1])
lanes = Array[int]([2, 4, 4, 2])
prior_mag = 16.0
next_mag = 16.0

[node name="RP_022" type="Node3D" parent="Terrain/Node3D/RoadManager/Road_001"]
transform = Transform3D(0.9642351, -0.024208538, -0.26394, 0.08323619, 0.97309834, 0.21482909, 0.25163883, -0.22911516, 0.94031066, 637.1166, 116.088936, 234.31244)
script = ExtResource("15_7sdwx")
traffic_dir = Array[int]([2, 2, 1, 1])
lanes = Array[int]([2, 4, 4, 2])
prior_mag = 16.0
next_mag = 16.0

[node name="RP_024" type="Node3D" parent="Terrain/Node3D/RoadManager/Road_001"]
transform = Transform3D(0.97160566, -0.012703778, -0.23626462, 0, 0.9985577, -0.053691715, 0.23660588, 0.052167185, 0.97020423, 651.8625, 106.25, 142.25586)
script = ExtResource("15_7sdwx")
traffic_dir = Array[int]([2, 2, 1, 1])
lanes = Array[int]([2, 4, 4, 2])
prior_mag = 16.0
next_mag = 16.0

[node name="RP_031" type="Node3D" parent="Terrain/Node3D/RoadManager/Road_001"]
transform = Transform3D(0.053471435, 0.17376198, -0.98333484, 0.011485148, 0.9845719, 0.17460495, 0.9985035, -0.020630127, 0.050650757, 830.4752, 70.57829, 48.386765)
script = ExtResource("15_7sdwx")
traffic_dir = Array[int]([2, 2, 1, 1])
lanes = Array[int]([2, 4, 4, 2])
prior_mag = 16.0
next_mag = 16.0

[node name="RP_033" type="Node3D" parent="Terrain/Node3D/RoadManager/Road_001"]
transform = Transform3D(-0.7285586, 0.21131398, -0.651574, 0.037589356, 0.96212655, 0.26999944, 0.6839514, 0.17221822, -0.7089085, 927.3846, 48.34608, 91.53588)
script = ExtResource("15_7sdwx")
traffic_dir = Array[int]([2, 2, 1, 1])
lanes = Array[int]([2, 4, 4, 2])
prior_mag = 16.0
next_mag = 16.0

[node name="RP_035" type="Node3D" parent="Terrain/Node3D/RoadManager/Road_001"]
transform = Transform3D(0.22515157, 0.10944546, -0.9681573, -0.3407782, 0.9397566, 0.026984587, 0.9127855, 0.32385123, 0.24888425, 984.4537, 38.848953, 129.62384)
script = ExtResource("15_7sdwx")
traffic_dir = Array[int]([2, 2, 1, 1])
lanes = Array[int]([2, 4, 4, 2])
prior_mag = 16.0
next_mag = 16.0

[node name="RP_037" type="Node3D" parent="Terrain/Node3D/RoadManager/Road_001"]
transform = Transform3D(-0.94912124, -0.02058762, 0.31423765, -0.04890464, 0.99539083, -0.082497075, -0.31109086, -0.09366741, -0.94575304, 1032.0404, 30.13397, 155.10863)
script = ExtResource("15_7sdwx")
traffic_dir = Array[int]([2, 2, 1, 1])
lanes = Array[int]([2, 4, 4, 2])
prior_mag = 16.0
next_mag = 16.0

[node name="RP_039" type="Node3D" parent="Terrain/Node3D/RoadManager/Road_001"]
transform = Transform3D(-0.31872842, 0.040216755, -0.9469926, -0.30335858, 0.9422194, 0.14211513, 0.89799, 0.3325745, -0.2881119, 1073.866, 19.115482, 223.06902)
script = ExtResource("15_7sdwx")
traffic_dir = Array[int]([2, 2, 1, 1])
lanes = Array[int]([2, 4, 4, 2])
prior_mag = 16.0
next_mag = 16.0

[node name="RP_042" type="Node3D" parent="Terrain/Node3D/RoadManager/Road_001"]
transform = Transform3D(-0.22505349, 0.30913588, -0.92400545, 0.008748534, 0.9489367, 0.31534594, 0.9743073, 0.062886015, -0.21626592, 1160.352, 4.1400156, 248.05351)
script = ExtResource("15_7sdwx")
traffic_dir = Array[int]([2, 2, 1, 1])
lanes = Array[int]([2, 4, 4, 2])
prior_mag = 16.0
next_mag = 16.0

[node name="RP_044" type="Node3D" parent="Terrain/Node3D/RoadManager/Road_001"]
transform = Transform3D(-0.091113955, 0.013446491, -0.9957497, -0.058091406, 0.9981345, 0.01879422, 0.9941448, 0.059556913, -0.090162836, 1279.7922, 1.1358038, 231.77461)
script = ExtResource("15_7sdwx")
traffic_dir = Array[int]([2, 2, 1, 1])
lanes = Array[int]([2, 4, 4, 2])
prior_mag = 16.0
next_mag = 16.0

[node name="RP_027" type="Node3D" parent="Terrain/Node3D/RoadManager/Road_001"]
transform = Transform3D(0.23973355, 0.96620166, -0.09477522, -0.9291699, 0.25664154, 0.26604208, 0.28137356, 0.02428307, 0.9592909, 661.45874, 79.80618, 79.72522)
script = ExtResource("15_7sdwx")
traffic_dir = Array[int]([2, 2, 1, 1])
lanes = Array[int]([2, 4, 4, 2])
prior_mag = 16.0
next_mag = 16.0

[node name="RP_026" type="Node3D" parent="Terrain/Node3D/RoadManager/Road_001"]
transform = Transform3D(0.3954665, 0.267441, -0.8786818, -0.054569915, 0.9618207, 0.2681854, 0.91685796, -0.05810881, 0.394962, 701.11414, 87.4064, 67.21987)
script = ExtResource("15_7sdwx")
traffic_dir = Array[int]([2, 2, 1, 1])
lanes = Array[int]([2, 4, 4, 2])
prior_mag = 16.0
next_mag = 16.0

[node name="_Node3D_34399" type="Node3D" parent="Terrain/Node3D/RoadManager/Road_001"]
transform = Transform3D(1, 0, 0, 0, 1, 0, 0, 0, 1, 1054.5078, 25.843918, 204.06848)
script = ExtResource("15_7sdwx")
traffic_dir = Array[int]([2, 2, 1, 1])
lanes = Array[int]([2, 4, 4, 2])

[node name="_Node3D_35323" type="Node3D" parent="Terrain/Node3D/RoadManager/Road_001"]
transform = Transform3D(1, 0, 0, 0, 1, 0, 0, 0, 1, 1043.1945, 29.300697, 186.35583)
script = ExtResource("15_7sdwx")
traffic_dir = Array[int]([2, 2, 1, 1])
lanes = Array[int]([2, 4, 4, 2])

[node name="RP_029" type="Node3D" parent="Terrain/Node3D/RoadManager/Road_001"]
transform = Transform3D(-0.7266889, -0.468467, -0.50245565, 0.01107247, 0.72332966, -0.6904141, 0.68687725, -0.5072797, -0.52044874, 393.0084, 230.56822, 627.0673)
script = ExtResource("15_7sdwx")
traffic_dir = Array[int]([2, 2, 1, 1])
lanes = Array[int]([2, 4, 4, 2])
prior_mag = 16.0
next_mag = 16.0

[node name="RP_034" type="Node3D" parent="Terrain/Node3D/RoadManager/Road_001"]
transform = Transform3D(-0.59112746, 0.7257402, 0.35195053, 0.3401595, 0.61995953, -0.70706546, -0.73134094, -0.2982465, -0.6133427, 390.57074, 280.83737, 770.7199)
script = ExtResource("15_7sdwx")
traffic_dir = Array[int]([2, 2, 1, 1])
lanes = Array[int]([2, 4, 4, 2])
prior_mag = 16.0
next_mag = 16.0

[node name="RP_041" type="Node3D" parent="Terrain/Node3D/RoadManager/Road_001"]
transform = Transform3D(-0.9352913, 0.32133088, 0.14825076, 0.2980574, 0.9411305, -0.1594873, -0.1907714, -0.104979575, -0.97600585, 370.48892, 187.00804, 821.2659)
script = ExtResource("15_7sdwx")
traffic_dir = Array[int]([2, 2, 1, 1])
lanes = Array[int]([2, 4, 4, 2])
prior_mag = 16.0
next_mag = 16.0

[node name="RP_028" type="Node3D" parent="Terrain/Node3D/RoadManager/Road_001"]
transform = Transform3D(-0.03860165, -0.06213548, 0.99732107, 0.077418186, 0.99487895, 0.06497985, -0.9962511, 0.07971912, -0.03359356, 181.77817, 213.67522, 912.7503)
script = ExtResource("15_7sdwx")
traffic_dir = Array[int]([2, 2, 1, 1])
lanes = Array[int]([2, 4, 4, 2])
prior_mag = 21.470842
next_mag = 16.0
prior_pt_init = NodePath("../RP_030")
next_pt_init = NodePath("../RP_032")

[node name="RP_030" type="Node3D" parent="Terrain/Node3D/RoadManager/Road_001"]
transform = Transform3D(-0.29530913, 0.30280912, 0.9061453, -0.0024217255, 0.94820386, -0.31765324, -0.9553986, -0.09600033, -0.27928013, 1.5618694, 248.83807, 858.00977)
script = ExtResource("15_7sdwx")
traffic_dir = Array[int]([2, 2, 1, 1])
lanes = Array[int]([2, 4, 4, 2])
prior_mag = 21.470842
next_mag = 21.470842
next_pt_init = NodePath("../RP_028")

[node name="RP_036" type="Node3D" parent="Terrain/Node3D/RoadManager/Road_001"]
transform = Transform3D(-0.9170484, 0.37085328, -0.14659427, 0.3582613, 0.92763543, 0.10555378, 0.17513092, 0.044278875, -0.9835492, 167.6793, 260.12103, 444.4654)
script = ExtResource("15_7sdwx")
traffic_dir = Array[int]([2, 2, 1, 1])
lanes = Array[int]([2, 4, 4, 2])
prior_mag = 42.731846
next_mag = 52.83265
prior_pt_init = NodePath("../RP_032")
next_pt_init = NodePath("../RP_038")

[node name="RP_038" type="Node3D" parent="Terrain/Node3D/RoadManager/Road_001"]
transform = Transform3D(-0.8338642, 0.09843018, -0.54312253, -0.058569867, 0.9626379, 0.26438233, 0.5488533, 0.25226963, -0.7969445, 348.07767, 326.91718, 103.56057)
script = ExtResource("15_7sdwx")
traffic_dir = Array[int]([2, 2, 1, 1])
lanes = Array[int]([2, 4, 4, 2])
prior_mag = 52.83265
next_mag = 48.033176
prior_pt_init = NodePath("../RP_036")
next_pt_init = NodePath("../RP_040")

[node name="RP_040" type="Node3D" parent="Terrain/Node3D/RoadManager/Road_001"]
transform = Transform3D(0.6888039, 0.3515837, -0.63398695, -0.28042394, 0.9356686, 0.21421371, 0.66851544, 0.030233787, 0.7430841, 119.23356, 384.88205, 97.01934)
script = ExtResource("15_7sdwx")
traffic_dir = Array[int]([2, 2, 2, 1, 1])
lanes = Array[int]([2, 3, 4, 4, 2])
prior_mag = 48.033176
next_mag = 16.0
prior_pt_init = NodePath("../RP_038")
next_pt_init = NodePath("../RP_043")

[node name="RP_032" type="Node3D" parent="Terrain/Node3D/RoadManager/Road_001"]
transform = Transform3D(-0.9452372, -0.025791543, 0.32536376, -0.031738427, 0.9994119, -0.012982305, -0.32483754, -0.022597888, -0.9455001, 232.21881, 214.87134, 812.00446)
script = ExtResource("15_7sdwx")
traffic_dir = Array[int]([2, 2, 1, 1])
lanes = Array[int]([2, 4, 4, 2])
prior_mag = 16.0
next_mag = 16.0
prior_pt_init = NodePath("../RP_028")
next_pt_init = NodePath("../RP_036")

[node name="RP_043" type="Node3D" parent="Terrain/Node3D/RoadManager/Road_001"]
transform = Transform3D(0.99569535, -0.06792562, 0.063070096, 0.052933004, 0.9752511, 0.2146721, -0.076090924, -0.21040946, 0.9746479, 110.52185, 411.3101, 245.95148)
script = ExtResource("15_7sdwx")
traffic_dir = Array[int]([2, 2, 1, 1])
lanes = Array[int]([2, 4, 4, 2])
prior_mag = 16.0
next_mag = 16.251608
prior_pt_init = NodePath("../RP_040")
next_pt_init = NodePath("../RP_045")

[node name="RP_045" type="Node3D" parent="Terrain/Node3D/RoadManager/Road_001"]
transform = Transform3D(0.99805003, 1.9333575e-05, -0.062424053, -0.010577162, 0.98559314, -0.16880573, 0.061521567, 0.16913673, 0.98367095, 109.941086, 411.1739, 281.15436)
script = ExtResource("15_7sdwx")
traffic_dir = Array[int]([2, 2, 1, 1])
lanes = Array[int]([2, 4, 4, 2])
prior_mag = 16.251608
next_mag = 16.251608
prior_pt_init = NodePath("../RP_043")

[node name="PathMesh3D" type="PathMesh3D" parent="Terrain" node_paths=PackedStringArray("path_3d")]
path_3d = NodePath("Path3D")
mesh = ExtResource("16_owkif")
surface_0/tile_rotation = Vector3(0, -1.5707964, 0)
surface_0/tile_rotation_order = 2
surface_0/distribution = 0
surface_0/alignment = 0
surface_0/warp_along_curve = true
surface_0/sample_cubic = false
surface_0/tilt = true
surface_0/offset = Vector2(0, 0)
surface_0/triangle_count = 488941
transform = Transform3D(1, 0, 0, 0, 1, 0, 0, 0, 1, 17.089224, 45.864685, 178.42978)

[node name="Path3D" type="Path3D" parent="Terrain/PathMesh3D"]
transform = Transform3D(1, 0, 0, 0, 1, 0, 0, 0, 1, -0.5975895, 0, 0)
curve = SubResource("Curve3D_d3187")

[node name="PathMesh3D2" type="PathMesh3D" parent="Terrain" node_paths=PackedStringArray("path_3d")]
path_3d = NodePath("Path3D")
mesh = ExtResource("16_owkif")
surface_0/tile_rotation = Vector3(0, -1.5707964, 0)
surface_0/tile_rotation_order = 2
surface_0/distribution = 0
surface_0/alignment = 0
surface_0/warp_along_curve = true
surface_0/sample_cubic = false
surface_0/tilt = true
surface_0/offset = Vector2(0, 0)
surface_0/triangle_count = 65885

[node name="Path3D" type="Path3D" parent="Terrain/PathMesh3D2"]
curve = SubResource("Curve3D_owkif")

[node name="PathMesh3D4" type="PathMesh3D" parent="Terrain" node_paths=PackedStringArray("path_3d")]
path_3d = NodePath("Path3D")
mesh = ExtResource("16_owkif")
surface_0/tile_rotation = Vector3(0, 1.5707964, 0)
surface_0/tile_rotation_order = 2
surface_0/distribution = 0
surface_0/alignment = 0
surface_0/warp_along_curve = true
surface_0/sample_cubic = false
surface_0/tilt = true
surface_0/offset = Vector2(0, 0)
surface_0/triangle_count = 346766

[node name="Path3D" type="Path3D" parent="Terrain/PathMesh3D4"]
curve = SubResource("Curve3D_6w70u")

[node name="PathMesh3D5" type="PathMesh3D" parent="Terrain" node_paths=PackedStringArray("path_3d")]
path_3d = NodePath("Path3D")
mesh = ExtResource("16_owkif")
surface_0/tile_rotation = Vector3(0, -1.5707964, 0)
surface_0/tile_rotation_order = 2
surface_0/distribution = 0
surface_0/alignment = 0
surface_0/warp_along_curve = true
surface_0/sample_cubic = false
surface_0/tilt = true
surface_0/offset = Vector2(0, 0)
surface_0/triangle_count = 52015

[node name="Path3D" type="Path3D" parent="Terrain/PathMesh3D5"]
curve = SubResource("Curve3D_hki7a")

[node name="GameManager" type="Node3D" parent="."]
script = ExtResource("17_t3o2f")

[node name="Forest" type="Node3D" parent="."]
transform = Transform3D(0.9956307, 0, -0.0933785, 0, 1, 0, 0.0933785, 0, 0.9956307, 73.702484, 103.778915, 48.323795)
script = SubResource("GDScript_jliok")

[node name="Tree" parent="Forest" instance=ExtResource("18_lb77h")]
transform = Transform3D(0.99346846, -0.11402108, -0.0044016615, 0.10601553, 0.9366082, -0.33395487, 0.042200528, 0.33130705, 0.94257885, 103.121544, -115.99252, -14.679766)

[node name="Tree2" parent="Forest" instance=ExtResource("18_lb77h")]
transform = Transform3D(1, 0, 0, 0, 1, 0, 0, 0, 1, 67.94749, -99.91727, 101.987305)

[node name="Tree5" parent="Forest" instance=ExtResource("18_lb77h")]
transform = Transform3D(1, 0, 0, 0, 1, 0, 0, 0, 1, 130.18877, -80.04854, 37.53466)

[node name="Tree7" parent="Forest" instance=ExtResource("18_lb77h")]
transform = Transform3D(1, 0, 0, 0, 1, 0, 0, 0, 1, 173.02875, -103.45162, -22.536024)

[node name="Tree8" parent="Forest" instance=ExtResource("18_lb77h")]
transform = Transform3D(1, 0, 0, 0, 1, 0, 0, 0, 1, 172.08386, -57.041943, 105.000046)

[node name="Tree9" parent="Forest" instance=ExtResource("18_lb77h")]
transform = Transform3D(0.98755634, 0.15726115, 0.0011670664, -0.15726113, 0.9874469, 0.014749252, 0.0011670664, -0.014749253, 0.9998905, 43.659233, -72.55318, -25.76796)

[node name="Tree10" parent="Forest" instance=ExtResource("18_lb77h")]
transform = Transform3D(1, 0, 0, 0, 1, 0, 0, 0, 1, 53.83667, -91.5726, 116.84834)

[node name="Tree13" parent="Forest" instance=ExtResource("18_lb77h")]
transform = Transform3D(1, 0, 0, 0, 1, 0, 0, 0, 1, 73.52333, -100.71444, 129.08116)

[node name="Tree15" parent="Forest" instance=ExtResource("18_lb77h")]
transform = Transform3D(1, 0, 0, 0, 1, 0, 0, 0, 1, 80.76393, -101.96279, 81.85018)

[node name="Tree16" parent="Forest" instance=ExtResource("18_lb77h")]
transform = Transform3D(0.99987704, -0.015640104, -0.001313366, 0.015640106, 0.98587364, 0.16675968, -0.001313366, -0.16675964, 0.98599654, 121.681206, -74.51865, 53.575058)

[node name="Tree17" parent="Forest" instance=ExtResource("18_lb77h")]
transform = Transform3D(0.99988675, -0.015000247, -0.0012073889, 0.015000248, 0.9870132, 0.15993732, -0.0012073889, -0.1599373, 0.98712647, 79.65316, -114.445175, -11.220924)

[node name="Tree18" parent="Forest" instance=ExtResource("18_lb77h")]
transform = Transform3D(1, 0, 0, 0, 1, 0, 0, 0, 1, 0.86763, -55.65906, -32.512695)

[node name="Tree19" parent="Forest" instance=ExtResource("18_lb77h")]
transform = Transform3D(1, 0, 0, 0, 1, 0, 0, 0, 1, 15.896553, -61.128185, -22.88224)

[node name="Tree20" parent="Forest" instance=ExtResource("18_lb77h")]
transform = Transform3D(1, 0, 0, 0, 1, 0, 0, 0, 1, 151.47536, -92.95413, -34.96949)

[node name="Tree21" parent="Forest" instance=ExtResource("18_lb77h")]
transform = Transform3D(0.9915533, 0.12969746, 0.0007921979, -0.12969746, 0.991479, 0.012164103, 0.0007921979, -0.012164103, 0.9999256, 34.819267, -69.78501, -19.598131)

[node name="Tree24" parent="Forest" instance=ExtResource("18_lb77h")]
transform = Transform3D(1, 0, 0, 0, 1, 0, 0, 0, 1, 136.906, -81.46472, 35.63913)

[node name="Tree25" parent="Forest" instance=ExtResource("18_lb77h")]
transform = Transform3D(1, 0, 0, 0, 1, 0, 0, 0, 1, -4.2730865, -55.99011, -18.472334)

[node name="Tree26" parent="Forest" instance=ExtResource("18_lb77h")]
transform = Transform3D(1, 0, 0, 0, 1, 0, 0, 0, 1, 68.2034, -95.78757, 65.46626)

[node name="Tree27" parent="Forest" instance=ExtResource("18_lb77h")]
transform = Transform3D(1, 0, 0, 0, 1, 0, 0, 0, 1, 102.91682, -110.83556, 125.64723)

[node name="Tree28" parent="Forest" instance=ExtResource("18_lb77h")]
transform = Transform3D(0.99983037, -0.018327521, -0.0018083155, 0.018327521, 0.98054963, 0.19541374, -0.0018083081, -0.19541374, 0.9807192, 103.30227, -107.24581, 14.0205765)

[node name="Tree29" parent="Forest" instance=ExtResource("18_lb77h")]
transform = Transform3D(1, 0, 0, 0, 1, 0, 0, 0, 1, 146.37096, -92.81035, -43.196217)

[node name="Tree30" parent="Forest" instance=ExtResource("18_lb77h")]
transform = Transform3D(1, 0, 0, 0, 1, 0, 0, 0, 1, 56.545296, -93.520706, 121.13307)

[node name="Tree31" parent="Forest" instance=ExtResource("18_lb77h")]
transform = Transform3D(1, 0, 0, 0, 1, 0, 0, 0, 1, 87.759865, -102.912415, 35.421234)

[node name="Tree33" parent="Forest" instance=ExtResource("18_lb77h")]
transform = Transform3D(0.95799613, 0.28675398, 0.003939472, -0.286754, 0.95762664, 0.026894169, 0.003939472, -0.026894169, 0.9996305, 72.67548, -107.82625, -6.8161087)

[node name="Tree34" parent="Forest" instance=ExtResource("18_lb77h")]
transform = Transform3D(0.9991601, 0, -0.040986255, 0, 1, 0, 0.040986255, 0, 0.9991601, 156.32367, -73.50891, 68.53407)

[node name="Tree39" parent="Forest" instance=ExtResource("18_lb77h")]
transform = Transform3D(0.27173752, 0.14150475, 0.9519114, -0.028564077, 0.98988104, -0.13899502, -0.9619473, 0.01057971, 0.27302974, 55.899498, -83.7806, 4.3338737)

[node name="Tree45" parent="Forest" instance=ExtResource("18_lb77h")]
transform = Transform3D(0.96050006, -0.27825603, 0.0037046745, 0.278256, 0.9601525, -0.02609716, 0.0037046522, 0.02609715, 0.99965256, 111.43607, -69.7139, 69.759285)

[node name="Tree46" parent="Forest" instance=ExtResource("18_lb77h")]
transform = Transform3D(1, 0, 0, 0, 1, 0, 0, 0, 1, 81.54246, -121.69005, -26.520813)

[node name="Tree47" parent="Forest" instance=ExtResource("18_lb77h")]
transform = Transform3D(1, 0, 0, 0, 1, 0, 0, 0, 1, 39.783356, -95.78757, 68.13172)

[node name="Tree49" parent="Forest" instance=ExtResource("18_lb77h")]
transform = Transform3D(0.9802134, 0.1979349, 0.0018557459, -0.19793487, 0.98003936, 0.018563973, 0.0018557608, -0.018563975, 0.99982595, 40.16545, -78.83568, 75.58975)

[node name="Tree50" parent="Forest" instance=ExtResource("18_lb77h")]
transform = Transform3D(1, 0, 0, 0, 1, 0, 0, 0, 1, 117.95092, -92.81035, -40.530746)

[node name="Tree51" parent="Forest" instance=ExtResource("18_lb77h")]
transform = Transform3D(1, 0, 0, 0, 1, 0, 0, 0, 1, 49.914635, -97.736916, 98.75769)

[node name="Tree52" parent="Forest" instance=ExtResource("18_lb77h")]
transform = Transform3D(0.97155076, 0.23681615, 0.0026681945, -0.23681615, 0.97130054, 0.022210581, 0.002668202, -0.02221058, 0.9997497, 40.354485, -79.771, 57.1075)

[node name="Tree53" parent="Forest" instance=ExtResource("18_lb77h")]
transform = Transform3D(1, 0, 0, 0, 1, 0, 0, 0, 1, -15.192757, -61.61112, 143.69902)

[node name="Tree54" parent="Forest" instance=ExtResource("18_lb77h")]
transform = Transform3D(0.9910406, 0.13356175, 9.250641e-05, -0.13227826, 0.9814201, 0.13898502, 0.018472292, -0.13775203, 0.9902944, 44.255432, -70.64065, -4.1506195)

[node name="Tree55" parent="Forest" instance=ExtResource("18_lb77h")]
transform = Transform3D(0.99916005, 0, -0.040986262, 0, 1, 0, 0.040986262, 0, 0.99916005, 127.11997, -73.5708, 62.844147)

[node name="Tree63" parent="Forest" instance=ExtResource("18_lb77h")]
transform = Transform3D(1, 0, 0, 0, 1, 0, 0, 0, 1, 34.819267, -69.78501, -19.598133)

[node name="Tree66" parent="Forest" instance=ExtResource("18_lb77h")]
transform = Transform3D(1, 0, 0, 0, 1, 0, 0, 0, 1, 139.8561, -69.405495, 67.0938)

[node name="Tree67" parent="Forest" instance=ExtResource("18_lb77h")]
transform = Transform3D(1, 0, 0, 0, 1, 0, 0, 0, 1, -4.2730865, -55.99011, -18.472334)

[node name="Tree68" parent="Forest" instance=ExtResource("18_lb77h")]
transform = Transform3D(1, 0, 0, 0, 1, 0, 0, 0, 1, 59.989754, -94.82588, 66.2366)

[node name="Tree69" parent="Forest" instance=ExtResource("18_lb77h")]
transform = Transform3D(1, 0, 0, 0, 1, 0, 0, 0, 1, 71.409485, -99.6528, 111.25951)

[node name="Tree71" parent="Forest" instance=ExtResource("18_lb77h")]
transform = Transform3D(1, 0, 0, 0, 1, 0, 0, 0, 1, 146.37096, -92.81035, -43.196217)

[node name="Tree72" parent="Forest" instance=ExtResource("18_lb77h")]
transform = Transform3D(1, 0, 0, 0, 1, 0, 0, 0, 1, 78.33467, -97.736916, 96.09224)

[node name="Tree75" parent="Forest" instance=ExtResource("18_lb77h")]
transform = Transform3D(1, 0, 0, 0, 1, 0, 0, 0, 1, 72.67549, -107.82625, -6.8161087)

[node name="Tree76" parent="Forest" instance=ExtResource("18_lb77h")]
transform = Transform3D(0.9991599, 0, -0.040986277, 0, 1, 0, 0.040986277, 0, 0.9991599, 155.54004, -73.5708, 60.178665)

[node name="Tree79" parent="Forest" instance=ExtResource("18_lb77h")]
transform = Transform3D(1, 0, 0, 0, 1, 0, 0, 0, 1, -36.799583, -61.88259, 85.77031)

[node name="Tree81" parent="Forest" instance=ExtResource("18_lb77h")]
transform = Transform3D(0.99504524, 0.0994218, 0.00046468526, -0.0994218, 0.9950017, 0.009324601, 0.00046470016, -0.009324601, 0.9999563, 26.623283, -65.18119, 66.16594)

[node name="Tree82" parent="Forest" instance=ExtResource("18_lb77h")]
transform = Transform3D(1, 0, 0, 0, 1, 0, 0, 0, 1, 30.302834, -59.98178, 178.4682)

[node name="Tree84" parent="Forest" instance=ExtResource("18_lb77h")]
transform = Transform3D(1, 0, 0, 0, 1, 0, 0, 0, 1, 20.401749, -59.95787, 195.32762)

[node name="Tree85" parent="Forest" instance=ExtResource("18_lb77h")]
transform = Transform3D(1, 0, 0, 0, 1, 0, 0, 0, 1, 76.17135, -106.573944, 44.03116)

[node name="Tree86" parent="Forest" instance=ExtResource("18_lb77h")]
transform = Transform3D(1, 0, 0, 0, 1, 0, 0, 0, 1, 164.92401, -71.99043, 64.74274)

[node name="Tree87" parent="Forest" instance=ExtResource("18_lb77h")]
transform = Transform3D(0.99612707, -0.08792627, 0.00019109249, 0.087794565, 0.9947493, 0.05259242, -0.0048143715, -0.052371956, 0.9986159, 147.93042, -69.547165, 153.18468)

[node name="Tree88" parent="Forest" instance=ExtResource("18_lb77h")]
transform = Transform3D(1, 0, 0, 0, 1, 0, 0, 0, 1, 169.94876, -90.78461, -34.812294)

[node name="Tree89" parent="Forest" instance=ExtResource("18_lb77h")]
transform = Transform3D(1, 0, 0, 0, 1, 0, 0, 0, 1, 148.2396, -73.53659, 57.9598)

[node name="Tree90" parent="Forest" instance=ExtResource("18_lb77h")]
transform = Transform3D(1, 0, 0, 0, 1, 0, 0, 0, 1, 136.96124, -63.895836, 84.82669)

[node name="Tree91" parent="Forest" instance=ExtResource("18_lb77h")]
transform = Transform3D(1, 0, 0, 0, 1, 0, 0, 0, 1, 132.268, -63.200962, 88.95627)

[node name="Tree92" parent="Forest" instance=ExtResource("18_lb77h")]
transform = Transform3D(1, 0, 0, 0, 1, 0, 0, 0, 1, 83.53568, -106.046265, 130.40248)

[node name="Tree93" parent="Forest" instance=ExtResource("18_lb77h")]
transform = Transform3D(1, 0, 0, 0, 1, 0, 0, 0, 1, 79.34153, -98.1704, 106.82765)

[node name="Tree94" parent="Forest" instance=ExtResource("18_lb77h")]
transform = Transform3D(1, 0, 0, 0, 1, 0, 0, 0, 1, 108.98568, -107.87267, 173.42941)

[node name="Tree95" parent="Forest" instance=ExtResource("18_lb77h")]
transform = Transform3D(1, 0, 0, 0, 1, 0, 0, 0, 1, 155.78015, -72.20134, 127.66376)

[node name="Tree96" parent="Forest" instance=ExtResource("18_lb77h")]
transform = Transform3D(0.99057096, -0.1369989, 0.0008843392, 0.1369989, 0.9904879, -0.012848893, 0.0008843392, 0.012848893, 0.9999169, 128.55939, -87.29943, 146.70605)

[node name="Tree97" parent="Forest" instance=ExtResource("18_lb77h")]
transform = Transform3D(0.99916005, 0, -0.040986262, 0, 1, 0, 0.040986262, 0, 0.99916005, 162.94318, -74.43526, 139.11348)

[node name="Tree98" parent="Forest" instance=ExtResource("18_lb77h")]
transform = Transform3D(1, 0, 0, 0, 1, 0, 0, 0, 1, 151.84271, -76.96776, 137.1283)

[node name="Tree99" parent="Forest" instance=ExtResource("18_lb77h")]
transform = Transform3D(1, 0, 0, 0, 1, 0, 0, 0, 1, 149.83167, -77.174576, 129.04993)

[node name="Tree100" parent="Forest" instance=ExtResource("18_lb77h")]
transform = Transform3D(1, 0, 0, 0, 1, 0, 0, 0, 1, 148.54596, -76.74559, 133.61438)

[node name="Tree101" parent="Forest" instance=ExtResource("18_lb77h")]
transform = Transform3D(1, 0, 0, 0, 1, 0, 0, 0, 1, 143.55814, -79.54818, 128.11862)

[node name="Tree102" parent="Forest" instance=ExtResource("18_lb77h")]
transform = Transform3D(0.93490154, -0.35485455, 0.00610546, 0.35485455, 0.9343288, -0.0332812, 0.006105475, 0.0332812, 0.99942696, 136.5748, -83.32429, 119.44011)

[node name="Tree103" parent="Forest" instance=ExtResource("18_lb77h")]
transform = Transform3D(0.9391786, -0.34338176, 0.005704336, 0.34338176, 0.9386436, -0.032205187, 0.005704336, 0.03220518, 0.999465, 148.95963, -75.038246, 118.29112)

[node name="Tree105" parent="Forest" instance=ExtResource("18_lb77h")]
transform = Transform3D(-0.73632115, 0, 0.6766319, 0, 1, 0, -0.6766319, 0, -0.73632115, 25.391212, -71.07364, 134.23608)

[node name="Tree110" parent="Forest" instance=ExtResource("18_lb77h")]
transform = Transform3D(0.9999988, 0.0015335374, -1.2539327e-05, -0.0015335374, 0.9998651, -0.016351053, -1.2539327e-05, 0.016351053, 0.9998663, 17.883904, -62.827583, 76.76143)

[node name="Tree113" parent="Forest" instance=ExtResource("18_lb77h")]
transform = Transform3D(0.93326527, 0.06664022, 0.35295203, -0.059076473, 0.9977349, -0.032172024, -0.35429645, 0.00917386, 0.9350882, 17.353004, -63.000893, 71.10086)

[node name="Tree114" parent="Forest" instance=ExtResource("18_lb77h")]
transform = Transform3D(0.9999988, 0.0015335374, -1.2539327e-05, -0.0015335374, 0.9998651, -0.016351053, -1.2539327e-05, 0.016351053, 0.9998663, 18.380043, -60.824554, 82.05142)

[node name="Tree115" parent="Forest" instance=ExtResource("18_lb77h")]
transform = Transform3D(1, 0, 0, 0, 1, 0, 0, 0, 1, 150.94214, -75.04709, 140.89014)

[node name="Tree116" parent="Forest" instance=ExtResource("18_lb77h")]
transform = Transform3D(1, 0, 0, 0, 1, 0, 0, 0, 1, 149.7001, -74.33459, 145.92033)

[node name="Tree117" parent="Forest" instance=ExtResource("18_lb77h")]
transform = Transform3D(1, 0, 0, 0, 1, 0, 0, 0, 1, 144.66855, -75.31233, 139.95886)

[node name="Tree118" parent="Forest" instance=ExtResource("18_lb77h")]
transform = Transform3D(0.93490154, -0.35485455, 0.00610546, 0.35485455, 0.9343288, -0.0332812, 0.006105475, 0.0332812, 0.99942696, 137.68527, -80.28807, 131.28032)

[node name="Tree119" parent="Forest" instance=ExtResource("18_lb77h")]
transform = Transform3D(0.9391786, -0.34338176, 0.005704336, 0.34338176, 0.9386436, -0.032205187, 0.005704336, 0.032205157, 0.999465, 149.82526, -77.58633, 127.52069)

[node name="Tree123" parent="Forest" instance=ExtResource("18_lb77h")]
transform = Transform3D(0.99998826, 0.0048349714, -0.00012471527, -0.0048349714, 0.9986586, -0.05155197, -0.00012470037, 0.05155197, 0.9986703, 99.72643, -91.27827, -49.8635)

