[gd_scene load_steps=28 format=3 uid="uid://dfmyjabbccxsr"]

[ext_resource type="Script" uid="uid://dhyysmj0yhprb" path="res://addons/zylann.hterrain/hterrain.gd" id="1_emikk"]
[ext_resource type="Resource" uid="uid://c8kouskeme58a" path="res://models/Terrain/data.hterrain" id="2_ea0xb"]
[ext_resource type="Script" uid="uid://dxqdn5ho6vkac" path="res://addons/zylann.hterrain/hterrain_texture_set.gd" id="3_73l22"]
[ext_resource type="Texture2D" uid="uid://ed7dfxrek0cu" path="res://models/Terrain/terrain_1_slot0_albedo_bump.png" id="4_ltpy8"]
[ext_resource type="Texture2D" uid="uid://wm064rx5vwc6" path="res://models/Terrain/terrain_1_slot1_albedo_bump.png" id="5_w8ujn"]
[ext_resource type="Texture2D" uid="uid://bd5l402xdbnv" path="res://models/Terrain/terrain_1_slot2_albedo_bump.png" id="6_1jcad"]
[ext_resource type="Texture2D" uid="uid://cdccl7ovwfunq" path="res://models/Terrain/terrain_1_slot3_albedo_bump.png" id="7_3qag5"]
[ext_resource type="Texture2D" uid="uid://6hw5q01qmvt4" path="res://models/Terrain/terrain_1_slot0_normal_roughness.png" id="8_m8o6k"]
[ext_resource type="Texture2D" uid="uid://bfjdw1dfung0v" path="res://models/Terrain/terrain_1_slot1_normal_roughness.png" id="9_cn3mn"]
[ext_resource type="Texture2D" uid="uid://c2kvrt11cv3gt" path="res://models/Terrain/terrain_1_slot2_normal_roughness.png" id="10_rl75s"]
[ext_resource type="Texture2D" uid="uid://dw2c4287fd37h" path="res://models/Terrain/terrain_1_slot3_normal_roughness.png" id="11_1bgq0"]
[ext_resource type="Script" uid="uid://dn62ydkjikyjj" path="res://addons/zylann.hterrain/hterrain_detail_layer.gd" id="12_geru1"]
[ext_resource type="Script" uid="uid://dfqfqlcyc24yo" path="res://addons/road-generator/nodes/road_manager.gd" id="12_l21ki"]
[ext_resource type="Script" uid="uid://bfmdcbmgrleml" path="res://addons/road-generator/nodes/road_container.gd" id="13_jpiyq"]
[ext_resource type="Texture2D" uid="uid://1wwv8cgl6e3n" path="res://assets/grass.png" id="13_xasde"]
[ext_resource type="Material" uid="uid://dpashsuk5lr4x" path="res://addons/road-generator/resources/road_texture.material" id="14_80jls"]
[ext_resource type="Script" uid="uid://cbgchi2egw4f0" path="res://addons/road-generator/nodes/road_point.gd" id="14_eg15q"]
[ext_resource type="ArrayMesh" uid="uid://begsy3jdebk7w" path="res://assets/Untitled_Plane_001.res" id="16_80jls"]
[ext_resource type="PackedScene" uid="uid://cbj1qjxm0gm3g" path="res://scenes/tree.tscn" id="19_l7y6d"]
[ext_resource type="PackedScene" uid="uid://dwxiwhs1lcf4l" path="res://assets/old_sign.glb" id="20_geru1"]
[ext_resource type="Texture2D" uid="uid://cquqc5v7gv4sx" path="res://assets/traffic_signs/reflectorized-roadway-safety-notice-sign-boards-686-removebg-preview.png" id="21_xasde"]

[sub_resource type="Resource" id="Resource_v81gp"]
script = ExtResource("3_73l22")
mode = 0
textures = [[ExtResource("4_ltpy8"), ExtResource("5_w8ujn"), ExtResource("6_1jcad"), ExtResource("7_3qag5")], [ExtResource("8_m8o6k"), ExtResource("9_cn3mn"), ExtResource("10_rl75s"), ExtResource("11_1bgq0")]]

[sub_resource type="PhysicsMaterial" id="PhysicsMaterial_chyr8"]

[sub_resource type="Curve3D" id="Curve3D_f02o3"]
_data = {
"points": PackedVector3Array(0, 0, 0, 0, 0, 0, -0.120773315, -0.24209976, 0, 0, 0, 0, 0, 0, 0, 0.72049713, -0.24035263, -15.290604, 0, 0, 0, 0, 0, 0, 0.70594025, -0.2122364, -17.93959, 0, 0, 0, 0, 0, 0, 1.0261688, -0.27641106, -21.7809, 0, 0, 0, 0, 0, 0, 0.21839905, -0.20972061, -25.409012, 0, 0, 0, 0, 0, 0, -0.27828217, -0.17728615, -27.424149, 0, 0, 0, 0, 0, 0, -1.3627396, -0.19921303, -31.39798, 0, 0, 0, 0, 0, 0, -3.9675827, -0.30456734, -35.374893, 0, 0, 0, 0, 0, 0, -6.2674713, -0.25784683, -38.590668, 0, 0, 0, 0, 0, 0, -7.629837, -0.30353928, -40.334106, 0, 0, 0, 0, 0, 0, -14.501289, -0.23105812, -48.66835, 0, 0, 0, 0, 0, 0, -16.299095, -0.2710209, -50.87436, 0, 0, 0, 0, 0, 0, -17.220238, -0.15382957, -52.528793, 0, 0, 0, 0, 0, 0, -17.268356, -0.12020683, -55.163498, 0, 0, 0, 0, 0, 0, -17.663124, 0.1694603, -59.896255, 0, 0, 0, 0, 0, 0, -17.903885, 0.37837029, -64.017044, 0, 0, 0, 0, 0, 0, -19.825874, 0.96788406, -69.35991, 0, 0, 0, 0, 0, 0, -24.466202, 1.4093857, -78.57051, 0, 0, 0, 0, 0, 0, -25.503769, 1.6159954, -82.077835, 0, 0, 0, 0, 0, 0, -25.096992, 1.8680077, -86.24765, 0, 0, 0, 0, 0, 0, -24.205353, 2.346489, -90.23607, 0, 0, 0, 0, 0, 0, -22.759651, 3.609541, -95.497696, 0, 0, 0, 0, 0, 0, -21.433907, 4.9395103, -101.401, 0, 0, 0, 0, 0, 0, -20.682198, 4.78327, -105.8994, 0, 0, 0, 0, 0, 0, -19.474564, 4.95471, -113.12601, 0, 0, 0, 0, 0, 0, -19.55523, 4.9467335, -118.945496, 0, 0, 0, 0, 0, 0, -19.903137, 4.937134, -129.2584, 0, 0, 0, 0, 0, 0, -18.67472, 4.855543, -133.51466, 0, 0, 0, 0, 0, 0, -17.4962, 4.8835144, -138.07777, 0, 0, 0, 0, 0, 0, -19.001366, 4.856745, -144.95177, 0, 0, 0, 0, 0, 0, -21.213364, 4.8478584, -149.22917, 0, 0, 0, 0, 0, 0, -24.489426, 4.8468, -154.32466, 0, 0, 0, 0, 0, 0, -26.905983, 4.9396305, -158.6808, 0, 0, 0, 0, 0, 0, -29.443031, 4.899521, -164.20209, 0, 0, 0, 0, 0, 0, -29.438202, 4.857252, -167.16026, 0, 0, 0, 0, 0, 0, -27.832306, 4.9314766, -172.89749, 0, 0, 0, 0, 0, 0, -26.640999, 4.913048, -177.1552, 0, 0, 0, 0, 0, 0, -26.939873, 4.640255, -180.65337, 0, 0, 0, 0, 0, 0, -27.215302, 3.8838062, -183.88177),
"tilts": PackedFloat32Array(0, 0, 0, 0, 0, 0, 0, 0, 0, 0, 0, 0, 0, 0, 0, 0, 0, 0, 0, 0, 0, 0, 0, 0, 0, 0, 0, 0, 0, 0, 0, 0, 0, 0, 0, 0, 0, 0, 0)
}
point_count = 39

[sub_resource type="Curve3D" id="Curve3D_80jls"]
_data = {
"points": PackedVector3Array(0, 0, 0, 0, 0, 0, 92.85241, 26.82546, 67.674774, 0, 0, 0, 0, 0, 0, 88.559746, 27.905268, 67.20271, 0, 0, 0, 0, 0, 0, 82.3297, 27.597483, 69.28366, 0, 0, 0, 0, 0, 0, 79.10932, 27.38131, 72.03951, 0, 0, 0, 0, 0, 0, 76.499855, 27.426548, 76.908325, 0, 0, 0, 0, 0, 0, 75.20689, 28.126562, 82.57837, 0, 0, 0, 0, 0, 0, 74.34319, 28.584782, 86.86172, 0, 0, 0, 0, 0, 0, 73.392876, 30.588108, 99.14521, 0, 0, 0, 0, 0, 0, 72.91664, 32.660378, 110.963, 0, 0, 0, 0, 0, 0, 71.95256, 38.376797, 141.532, 0, 0, 0, 0, 0, 0, 70.64357, 41.789986, 159.93715, 0, 0, 0, 0, 0, 0, 69.27144, 43.11371, 167.01624, 0, 0, 0, 0, 0, 0, 68.09134, 43.511833, 169.60684, 0, 0, 0, 0, 0, 0, 64.61376, 43.58703, 171.36064, 0, 0, 0, 0, 0, 0, 61.544815, 43.619377, 172.5736, 0, 0, 0, 0, 0, 0, 57.85031, 43.62319, 173.82587, 0, 0, 0, 0, 0, 0, 52.3851, 43.56516, 175.51225, 0, 0, 0, 0, 0, 0, 45.97998, 43.45313, 177.21179, 0, 0, 0, 0, 0, 0, 40.528496, 43.55839, 176.60793, 0, 0, 0, 0, 0, 0, 33.98742, 43.948013, 175.57643, 0, 0, 0, 0, 0, 0, 21.790781, 44.70491, 173.46114, 0, 0, 0, 0, 0, 0, 15.0419655, 45.46739, 172.07144),
"tilts": PackedFloat32Array(0, 0, 0, 0, 0, 0, 0, 0, 0, 0, 0, 0, 0, 0, 0, 0, 0, 0, 0, 0, 0, 0)
}
point_count = 22

[sub_resource type="Curve3D" id="Curve3D_chyr8"]
_data = {
"points": PackedVector3Array(0, 0, 0, 0, 0, 0, 95.498474, 26.724237, 99.22405, 0, 0, 0, 0, 0, 0, 92.28665, 27.71226, 92.278885, 0, 0, 0, 0, 0, 0, 92.14257, 27.739492, 86.29199, 0, 0, 0, 0, 0, 0, 93.83802, 27.716728, 82.01175, 0, 0, 0, 0, 0, 0, 95.17388, 27.679436, 77.108185, 0, 0, 0, 0, 0, 0, 94.704735, 27.617125, 72.94419, 0, 0, 0, 0, 0, 0, 92.33264, 27.91886, 72.164604, 0, 0, 0, 0, 0, 0, 87.62109, 28.276491, 71.09597, 0, 0, 0, 0, 0, 0, 84.60381, 27.908554, 72.97763, 0, 0, 0, 0, 0, 0, 81.210785, 27.777498, 75.68616, 0, 0, 0, 0, 0, 0, 80.2485, 27.952713, 78.03125, 0, 0, 0, 0, 0, 0, 79.304665, 28.330755, 81.17767, 0, 0, 0, 0, 0, 0, 78.41234, 29.18868, 87.23371, 0, 0, 0, 0, 0, 0, 77.705444, 30.389297, 94.62482, 0, 0, 0, 0, 0, 0, 77.285934, 31.53851, 101.73785, 0, 0, 0, 0, 0, 0, 76.79878, 33.377808, 112.53085, 0, 0, 0, 0, 0, 0, 76.25677, 36.554195, 130.47906, 0, 0, 0, 0, 0, 0, 76.06707, 38.376526, 141.23325, 0, 0, 0, 0, 0, 0, 75.611046, 40.03485, 150.12808, 0, 0, 0, 0, 0, 0, 74.65288, 41.83783, 159.86191, 0, 0, 0, 0, 0, 0, 74.12851, 42.39246, 163.62814, 0, 0, 0, 0, 0, 0, 73.31169, 43.14345, 168.02042, 0, 0, 0, 0, 0, 0, 70.84733, 43.936325, 172.69691, 0, 0, 0, 0, 0, 0, 66.93533, 44.047047, 174.67569, 0, 0, 0, 0, 0, 0, 63.266228, 43.899693, 176.3204, 0, 0, 0, 0, 0, 0, 58.7417, 43.75059, 177.73741, 0, 0, 0, 0, 0, 0, 52.115387, 43.36156, 179.75342, 0, 0, 0, 0, 0, 0, 46.20975, 43.01738, 181.3865, 0, 0, 0, 0, 0, 0, 39.189568, 43.24626, 180.4093, 0, 0, 0, 0, 0, 0, 30.844088, 43.69893, 179.19814, 0, 0, 0, 0, 0, 0, 20.967915, 44.49736, 177.1611, 0, 0, 0, 0, 0, 0, 14.709039, 44.960915, 176.20555),
"tilts": PackedFloat32Array(0, 0, 0, 0, 0, 0, 0, 0, 0, 0, 0, 0, 0, 0, 0, 0, 0, 0, 0, 0, 0, 0, 0, 0, 0, 0, 0, 0, 0, 0, 0, 0)
}
point_count = 32

[sub_resource type="GDScript" id="GDScript_f2hg1"]

[node name="Node3D" type="Node3D"]

[node name="Terrain" type="Node3D" parent="."]

[node name="HTerrain" type="Node3D" parent="Terrain"]
script = ExtResource("1_emikk")
_terrain_data = ExtResource("2_ea0xb")
chunk_size = 32
collision_enabled = true
collision_layer = 1
collision_mask = 1
shader_type = "Classic4"
custom_shader = null
custom_globalmap_shader = null
texture_set = SubResource("Resource_v81gp")
render_layers = 1
cast_shadow = 1
shader_params/u_ground_uv_scale_per_texture = null
shader_params/u_depth_blending = true
shader_params/u_triplanar = null
shader_params/u_tile_reduction = Vector4(1, 1, 0, 0)
shader_params/u_globalmap_blend_start = null
shader_params/u_globalmap_blend_distance = null
shader_params/u_colormap_opacity_per_texture = null
metadata/_custom_type_script = "uid://dhyysmj0yhprb"

[node name="HTerrainDetailLayer" type="Node3D" parent="Terrain/HTerrain"]
script = ExtResource("12_geru1")
texture = ExtResource("13_xasde")
shader_params/u_globalmap_tint_bottom = 0.45600002166
shader_params/u_globalmap_tint_top = 0.1550000073625
shader_params/u_bottom_ao = 0.5050000239875
shader_params/u_instance_scale = null
shader_params/u_roughness = null
metadata/_custom_type_script = "uid://dn62ydkjikyjj"

[node name="Node3D" type="Node3D" parent="Terrain"]

[node name="RoadManager" type="Node3D" parent="Terrain/Node3D"]
transform = Transform3D(0.2, 0, 0, 0, 0.2, 0, 0, 0, 0.2, 0, 0, 0)
script = ExtResource("12_l21ki")

[node name="Road_001" type="Node3D" parent="Terrain/Node3D/RoadManager"]
script = ExtResource("13_jpiyq")
material_resource = ExtResource("14_80jls")
density = 20.0
use_lowpoly_preview = true
physics_material = SubResource("PhysicsMaterial_chyr8")
override_collision_layers = true
edge_containers = Array[NodePath]([NodePath(""), NodePath(""), NodePath(""), NodePath(""), NodePath(""), NodePath(""), NodePath(""), NodePath(""), NodePath(""), NodePath(""), NodePath(""), NodePath(""), NodePath(""), NodePath("")])
edge_rp_targets = Array[NodePath]([NodePath(""), NodePath(""), NodePath(""), NodePath(""), NodePath(""), NodePath(""), NodePath(""), NodePath(""), NodePath(""), NodePath(""), NodePath(""), NodePath(""), NodePath(""), NodePath("")])
edge_rp_target_dirs = Array[int]([-1, -1, -1, -1, -1, -1, -1, -1, -1, -1, -1, -1, -1, -1])
edge_rp_locals = Array[NodePath]([NodePath("RP_016"), NodePath("RP_016"), NodePath("RP_020"), NodePath("RP_020"), NodePath("RP_022"), NodePath("RP_022"), NodePath("RP_045"), NodePath("RP_029"), NodePath("RP_029"), NodePath("RP_034"), NodePath("RP_034"), NodePath("RP_041"), NodePath("RP_041"), NodePath("RP_032")])
edge_rp_local_dirs = Array[int]([0, 1, 0, 1, 0, 1, 0, 0, 1, 0, 1, 0, 1, 1])

[node name="RP_001" type="Node3D" parent="Terrain/Node3D/RoadManager/Road_001"]
transform = Transform3D(0.9994019, 0.00048610245, -0.034576587, 0, 0.9999012, 0.014057328, 0.034580003, -0.014048921, 0.99930316, 619.8481, 110.33729, 1236.2212)
script = ExtResource("14_eg15q")
traffic_dir = Array[int]([2, 2, 1, 1])
lanes = Array[int]([2, 4, 4, 2])
next_mag = 16.0
prior_pt_init = NodePath("../RP_002")
next_pt_init = NodePath("../RP_045")

[node name="RP_002" type="Node3D" parent="Terrain/Node3D/RoadManager/Road_001"]
transform = Transform3D(0.99940205, 0.0008941375, -0.03456657, 0.00022155847, 0.99947953, 0.032259427, 0.03457743, -0.032247797, 0.9988815, 622.3933, 110.552376, 1162.6528)
script = ExtResource("14_eg15q")
traffic_dir = Array[int]([2, 2, 1, 1])
lanes = Array[int]([2, 4, 4, 2])
prior_mag = 16.0
next_mag = 16.0
prior_pt_init = NodePath("../RP_003")
next_pt_init = NodePath("../RP_001")

[node name="RP_003" type="Node3D" parent="Terrain/Node3D/RoadManager/Road_001"]
transform = Transform3D(0.91613024, -0.025475653, 0.40007043, -5.2421397e-06, 0.997978, 0.06356115, -0.40088078, -0.058232393, 0.91427755, 610.44446, 110.55, 1118.1005)
script = ExtResource("14_eg15q")
traffic_dir = Array[int]([2, 2, 1, 1])
lanes = Array[int]([2, 4, 4, 2])
prior_mag = 16.0
next_mag = 16.0
prior_pt_init = NodePath("../RP_004")
next_pt_init = NodePath("../RP_002")

[node name="RP_012" type="Node3D" parent="Terrain/Node3D/RoadManager/Road_001"]
transform = Transform3D(0.9814606, 0.00245515, -0.19164842, 4.4751155e-06, 0.9999176, 0.012832562, 0.19166414, -0.012595511, 0.9813798, 520.2971, 136.24998, 707.9675)
script = ExtResource("14_eg15q")
traffic_dir = Array[int]([2, 2, 1, 1])
lanes = Array[int]([2, 4, 4, 2])
prior_mag = 16.0
next_mag = 16.0
prior_pt_init = NodePath("../RP_013")
next_pt_init = NodePath("../RP_010")

[node name="RP_013" type="Node3D" parent="Terrain/Node3D/RoadManager/Road_001"]
transform = Transform3D(0.9967475, -0.0029471174, 0.080533855, 0, 0.999331, 0.03657029, -0.08058776, -0.03645134, 0.99608076, 518.31024, 136.25, 629.76447)
script = ExtResource("14_eg15q")
traffic_dir = Array[int]([2, 2, 1, 1])
lanes = Array[int]([2, 4, 4, 2])
prior_mag = 16.0
next_mag = 16.0
prior_pt_init = NodePath("../RP_014")
next_pt_init = NodePath("../RP_012")

[node name="RP_014" type="Node3D" parent="Terrain/Node3D/RoadManager/Road_001"]
transform = Transform3D(0.9185884, 0.021637328, -0.3946228, 0, 0.9985001, 0.05474817, 0.39521557, -0.05029103, 0.9172107, 530.82404, 136.25, 581.74677)
script = ExtResource("14_eg15q")
traffic_dir = Array[int]([2, 2, 1, 1])
lanes = Array[int]([2, 4, 4, 2])
prior_mag = 16.0
next_mag = 16.0
prior_pt_init = NodePath("../RP_015")
next_pt_init = NodePath("../RP_013")

[node name="RP_016" type="Node3D" parent="Terrain/Node3D/RoadManager/Road_001"]
transform = Transform3D(0.89299357, -0.013116928, 0.4498783, 0, 0.99957514, 0.029144237, -0.45006943, -0.02602561, 0.89261436, 459.7818, 136.25, 431.86185)
script = ExtResource("14_eg15q")
traffic_dir = Array[int]([2, 2, 1, 1])
lanes = Array[int]([2, 4, 4, 2])
prior_mag = 16.0
next_mag = 16.0

[node name="RP_020" type="Node3D" parent="Terrain/Node3D/RoadManager/Road_001"]
transform = Transform3D(0.56754774, 0.12443579, -0.8138828, 0, 0.98851305, 0.15113528, 0.8233404, -0.085776486, 0.5610284, 623.13416, 121.24999, 302.11758)
script = ExtResource("14_eg15q")
traffic_dir = Array[int]([2, 2, 1, 1])
lanes = Array[int]([2, 4, 4, 2])
prior_mag = 16.0
next_mag = 16.0

[node name="RP_022" type="Node3D" parent="Terrain/Node3D/RoadManager/Road_001"]
transform = Transform3D(0.9642351, -0.024208538, -0.26394, 0.08323619, 0.97309834, 0.21482909, 0.25163883, -0.22911516, 0.94031066, 637.1166, 116.088936, 234.31244)
script = ExtResource("14_eg15q")
traffic_dir = Array[int]([2, 2, 1, 1])
lanes = Array[int]([2, 4, 4, 2])
prior_mag = 16.0
next_mag = 16.0

[node name="RP_045" type="Node3D" parent="Terrain/Node3D/RoadManager/Road_001"]
transform = Transform3D(0.9954997, 0.03364348, -0.088591576, -0.034088526, 0.9994126, -0.0035150335, 0.08842129, 0.006519172, 0.99606174, 617.15015, 110.477104, 1276.324)
script = ExtResource("14_eg15q")
traffic_dir = Array[int]([2, 2, 1, 1])
lanes = Array[int]([2, 4, 4, 2])
prior_mag = 16.0
next_mag = 16.0
prior_pt_init = NodePath("../RP_001")

[node name="RP_004" type="Node3D" parent="Terrain/Node3D/RoadManager/Road_001"]
transform = Transform3D(0.7667744, -0.009935461, 0.64183974, 0.0015221519, 0.9999056, 0.013659754, -0.64191496, -0.009496973, 0.766717, 534.9975, 110.56386, 1020.99854)
script = ExtResource("14_eg15q")
traffic_dir = Array[int]([2, 2, 1, 1])
lanes = Array[int]([2, 4, 4, 2])
prior_mag = 16.0
next_mag = 16.0
prior_pt_init = NodePath("../RP_005")
next_pt_init = NodePath("../RP_003")

[node name="RP_005" type="Node3D" parent="Terrain/Node3D/RoadManager/Road_001"]
transform = Transform3D(0.97567874, 0.205351, -0.07669342, -0.20969902, 0.97629166, -0.05367377, 0.06385318, 0.06845089, 0.9956089, 529.3208, 115.621254, 955.8814)
script = ExtResource("14_eg15q")
traffic_dir = Array[int]([2, 2, 1, 1])
lanes = Array[int]([2, 4, 4, 2])
prior_mag = 16.0
next_mag = 16.0
prior_pt_init = NodePath("../RP_006")
next_pt_init = NodePath("../RP_004")

[node name="RP_006" type="Node3D" parent="Terrain/Node3D/RoadManager/Road_001"]
transform = Transform3D(0.8346528, 0.10120581, 0.54139835, -0.11033612, 0.9937708, -0.015668761, -0.5396117, -0.04665782, 0.8406201, 496.77414, 119.94913, 887.0022)
script = ExtResource("14_eg15q")
traffic_dir = Array[int]([2, 2, 1, 1])
lanes = Array[int]([2, 4, 4, 2])
prior_mag = 16.0
next_mag = 16.0
prior_pt_init = NodePath("../RP_007")
next_pt_init = NodePath("../RP_005")

[node name="RP_007" type="Node3D" parent="Terrain/Node3D/RoadManager/Road_001"]
transform = Transform3D(0.9844326, 0.10026473, -0.14435901, -0.09587785, 0.99470353, 0.03704914, 0.14730911, -0.022631554, 0.98883146, 492.77637, 121.45261, 843.1951)
script = ExtResource("14_eg15q")
traffic_dir = Array[int]([2, 2, 1, 1])
lanes = Array[int]([2, 4, 4, 2])
prior_mag = 16.0
next_mag = 16.0
prior_pt_init = NodePath("../RP_009")
next_pt_init = NodePath("../RP_006")

[node name="RP_009" type="Node3D" parent="Terrain/Node3D/RoadManager/Road_001"]
transform = Transform3D(0.95779276, 0.14140756, -0.2502742, -0.20308599, 0.9490429, -0.24098529, 0.20344383, 0.2816412, 0.93770397, 502.76382, 130.19511, 800.5469)
script = ExtResource("14_eg15q")
traffic_dir = Array[int]([2, 2, 1, 1])
lanes = Array[int]([2, 4, 4, 2])
prior_mag = 16.0
next_mag = 16.0
prior_pt_init = NodePath("../RP_010")
next_pt_init = NodePath("../RP_007")

[node name="RP_010" type="Node3D" parent="Terrain/Node3D/RoadManager/Road_001"]
transform = Transform3D(0.99327135, 0.0019783855, -0.115794174, 1.8945148e-06, 0.999854, 0.017099107, 0.11581111, -0.016984276, 0.9931259, 508.80582, 136.25, 768.0688)
script = ExtResource("14_eg15q")
traffic_dir = Array[int]([2, 2, 1, 1])
lanes = Array[int]([2, 4, 4, 2])
prior_mag = 16.0
next_mag = 16.0
prior_pt_init = NodePath("../RP_012")
next_pt_init = NodePath("../RP_009")

[node name="RP_015" type="Node3D" parent="Terrain/Node3D/RoadManager/Road_001"]
transform = Transform3D(0.8155953, -0.014379163, 0.578444, 0, 0.9996911, 0.024850674, -0.5786227, -0.020268092, 0.81534344, 499.3358, 136.25, 513.7875)
script = ExtResource("14_eg15q")
traffic_dir = Array[int]([2, 2, 1, 1])
lanes = Array[int]([2, 4, 4, 2])
prior_mag = 16.0
next_mag = 16.0
prior_pt_init = NodePath("../RP_017")
next_pt_init = NodePath("../RP_014")

[node name="RP_017" type="Node3D" parent="Terrain/Node3D/RoadManager/Road_001"]
transform = Transform3D(0.91626716, -0.017823687, 0.4001709, -2.4466974e-05, 0.999007, 0.04455199, -0.40056762, -0.040831313, 0.91535693, 471.19656, 136.24997, 457.5458)
script = ExtResource("14_eg15q")
traffic_dir = Array[int]([2, 2, 1, 1])
lanes = Array[int]([2, 4, 4, 2])
prior_mag = 16.0
next_mag = 16.0
prior_pt_init = NodePath("../RP_018")
next_pt_init = NodePath("../RP_015")

[node name="RP_018" type="Node3D" parent="Terrain/Node3D/RoadManager/Road_001"]
transform = Transform3D(0.93270695, 0.020752454, -0.3600374, 0, 0.9983429, 0.05754421, 0.36063495, -0.05367189, 0.9311615, 478.46115, 136.25, 413.9813)
script = ExtResource("14_eg15q")
traffic_dir = Array[int]([2, 2, 1, 1])
lanes = Array[int]([2, 4, 4, 2])
prior_mag = 16.0
next_mag = 16.0
prior_pt_init = NodePath("../RP_019")
next_pt_init = NodePath("../RP_017")

[node name="RP_019" type="Node3D" parent="Terrain/Node3D/RoadManager/Road_001"]
transform = Transform3D(0.89167774, -0.020025108, 0.45222792, -0.029005298, 0.9944407, 0.10122579, -0.45174086, -0.103377745, 0.8861399, 482.40506, 135.3544, 359.78726)
script = ExtResource("14_eg15q")
traffic_dir = Array[int]([2, 2, 1, 1])
lanes = Array[int]([2, 4, 4, 2])
prior_mag = 16.0
next_mag = 16.0
prior_pt_init = NodePath("../RP_021")
next_pt_init = NodePath("../RP_018")

[node name="RP_029" type="Node3D" parent="Terrain/Node3D/RoadManager/Road_001"]
transform = Transform3D(-0.7266889, -0.468467, -0.50245565, 0.01107247, 0.72332966, -0.6904141, 0.68687725, -0.5072797, -0.52044874, 393.0084, 230.56822, 627.0673)
script = ExtResource("14_eg15q")
traffic_dir = Array[int]([2, 2, 1, 1])
lanes = Array[int]([2, 4, 4, 2])
prior_mag = 16.0
next_mag = 16.0

[node name="RP_034" type="Node3D" parent="Terrain/Node3D/RoadManager/Road_001"]
transform = Transform3D(-0.59112746, 0.7257402, 0.35195053, 0.3401595, 0.61995953, -0.70706546, -0.73134094, -0.2982465, -0.6133427, 390.57074, 280.83737, 770.7199)
script = ExtResource("14_eg15q")
traffic_dir = Array[int]([2, 2, 1, 1])
lanes = Array[int]([2, 4, 4, 2])
prior_mag = 16.0
next_mag = 16.0

[node name="RP_021" type="Node3D" parent="Terrain/Node3D/RoadManager/Road_001"]
transform = Transform3D(0.28591523, -0.08200319, 0.9547405, -0.08721031, 0.98997045, 0.111146, -0.95427877, -0.11504127, 0.27589616, 440.1663, 138.1412, 345.61343)
script = ExtResource("14_eg15q")
traffic_dir = Array[int]([2, 2, 1, 1])
lanes = Array[int]([2, 4, 4, 2])
prior_mag = 16.0
next_mag = 16.0
prior_pt_init = NodePath("../RP_023")
next_pt_init = NodePath("../RP_019")

[node name="RP_023" type="Node3D" parent="Terrain/Node3D/RoadManager/Road_001"]
transform = Transform3D(-0.58560807, -0.13937493, 0.7985224, -0.08477053, 0.99023545, 0.11066907, -0.8061496, -0.002882473, -0.59170485, 400.70926, 135.33276, 369.14432)
script = ExtResource("14_eg15q")
traffic_dir = Array[int]([2, 2, 1, 1])
lanes = Array[int]([2, 4, 4, 2])
prior_mag = 53.60098
next_mag = 16.0
prior_pt_init = NodePath("../RP_025")
next_pt_init = NodePath("../RP_021")

[node name="RP_041" type="Node3D" parent="Terrain/Node3D/RoadManager/Road_001"]
transform = Transform3D(-0.9352913, 0.32133088, 0.14825076, 0.2980574, 0.9411305, -0.1594873, -0.1907714, -0.104979575, -0.97600585, 370.48892, 187.00804, 821.2659)
script = ExtResource("14_eg15q")
traffic_dir = Array[int]([2, 2, 1, 1])
lanes = Array[int]([2, 4, 4, 2])
prior_mag = 16.0
next_mag = 16.0

[node name="RP_025" type="Node3D" parent="Terrain/Node3D/RoadManager/Road_001"]
transform = Transform3D(-0.7080238, 0.011597724, 0.70609367, -0.079033166, 0.99228233, -0.095547624, -0.70175236, -0.12345479, -0.70164293, 348.2289, 216.45164, 855.7214)
script = ExtResource("14_eg15q")
traffic_dir = Array[int]([2, 2, 1, 1])
lanes = Array[int]([2, 4, 4, 2])
prior_mag = 16.0
next_mag = 53.60098
prior_pt_init = NodePath("../RP_028")
next_pt_init = NodePath("../RP_023")

[node name="RP_028" type="Node3D" parent="Terrain/Node3D/RoadManager/Road_001"]
transform = Transform3D(-0.03860165, -0.06213548, 0.99732107, 0.077418186, 0.99487895, 0.06497985, -0.9962511, 0.07971912, -0.03359356, 229.26598, 213.67522, 896.1752)
script = ExtResource("14_eg15q")
traffic_dir = Array[int]([2, 2, 1, 1])
lanes = Array[int]([2, 4, 4, 2])
prior_mag = 16.0
next_mag = 16.0
prior_pt_init = NodePath("../RP_030")
next_pt_init = NodePath("../RP_025")

[node name="RP_030" type="Node3D" parent="Terrain/Node3D/RoadManager/Road_001"]
transform = Transform3D(0.18174522, 0.032831125, 0.98279756, 0.08306949, 0.9953574, -0.048612457, -0.97983056, 0.09047556, 0.17817421, 105.37803, 220.35866, 877.3477)
script = ExtResource("14_eg15q")
traffic_dir = Array[int]([2, 2, 1, 1])
lanes = Array[int]([2, 4, 4, 2])
prior_mag = 16.0
next_mag = 16.0
prior_pt_init = NodePath("../RP_032")
next_pt_init = NodePath("../RP_028")

[node name="RP_032" type="Node3D" parent="Terrain/Node3D/RoadManager/Road_001"]
transform = Transform3D(0.25136515, 0.35149294, 0.9018141, -0.017368447, 0.93321764, -0.3588919, -0.96773636, 0.074549794, 0.24068339, 2.5872374, 253.90068, 853.88434)
script = ExtResource("14_eg15q")
traffic_dir = Array[int]([2, 2, 1, 1])
lanes = Array[int]([2, 4, 4, 2])
prior_mag = 16.0
next_mag = 16.0
next_pt_init = NodePath("../RP_030")

[node name="PathMesh3D" type="PathMesh3D" parent="Terrain" node_paths=PackedStringArray("path_3d")]
path_3d = NodePath("Path3D")
mesh = ExtResource("16_80jls")
surface_0/tile_rotation = Vector3(0, -1.5707964, 0)
surface_0/tile_rotation_order = 2
surface_0/distribution = 0
surface_0/alignment = 0
surface_0/warp_along_curve = true
surface_0/sample_cubic = false
surface_0/tilt = true
surface_0/offset = Vector2(0, 0)
surface_0/triangle_count = 68128
transform = Transform3D(1, 0, 0, 0, 1, 0, 0, 0, 1, 125.59399, 22.80735, 254.71701)

[node name="Path3D" type="Path3D" parent="Terrain/PathMesh3D"]
transform = Transform3D(1, 0, 0, 0, 1, 0, 0, 0, 1, -0.2559204, 0.31819725, 0.5363312)
curve = SubResource("Curve3D_f02o3")

[node name="PathMesh3D2" type="PathMesh3D" parent="Terrain" node_paths=PackedStringArray("path_3d")]
path_3d = NodePath("Path3D")
mesh = ExtResource("16_80jls")
surface_0/tile_rotation = Vector3(0, -1.5707964, 0)
surface_0/tile_rotation_order = 2
surface_0/distribution = 0
surface_0/alignment = 0
surface_0/warp_along_curve = true
surface_0/sample_cubic = false
surface_0/tilt = true
surface_0/offset = Vector2(0, 0)
surface_0/triangle_count = 59612

[node name="Path3D" type="Path3D" parent="Terrain/PathMesh3D2"]
curve = SubResource("Curve3D_80jls")

[node name="PathMesh3D3" type="PathMesh3D" parent="Terrain" node_paths=PackedStringArray("path_3d")]
path_3d = NodePath("Path3D")
mesh = ExtResource("16_80jls")
surface_0/tile_rotation = Vector3(0, 1.5707964, 0)
surface_0/tile_rotation_order = 2
surface_0/distribution = 0
surface_0/alignment = 0
surface_0/warp_along_curve = true
surface_0/sample_cubic = false
surface_0/tilt = true
surface_0/offset = Vector2(0, 0)
surface_0/triangle_count = 70257

[node name="Path3D" type="Path3D" parent="Terrain/PathMesh3D3"]
curve = SubResource("Curve3D_chyr8")

[node name="Forest" type="Node3D" parent="."]
transform = Transform3D(0.9956307, 0, -0.0933785, 0, 1, 0, 0.0933785, 0, 0.9956307, 73.702484, 103.778915, 48.323795)
script = SubResource("GDScript_f2hg1")

[node name="Tree10" parent="Forest" instance=ExtResource("19_l7y6d")]
transform = Transform3D(1, 0, 0, 0, 1, 0, 0, 0, 1, 53.83667, -91.5726, 116.84834)

[node name="Tree12" parent="Forest" instance=ExtResource("19_l7y6d")]
transform = Transform3D(0.99589044, 0.09056538, 0.00038544834, -0.09056538, 0.9958543, 0.008493972, 0.00038544834, -0.008493969, 0.9999639, 30.575317, -71.6983, 146.20088)

[node name="Tree30" parent="Forest" instance=ExtResource("19_l7y6d")]
transform = Transform3D(1, 0, 0, 0, 1, 0, 0, 0, 1, 56.545296, -93.520706, 121.13307)

[node name="Tree32" parent="Forest" instance=ExtResource("19_l7y6d")]
transform = Transform3D(0.97802055, 0.20849878, 0.0020614192, -0.20849878, 0.97782713, 0.019554744, 0.0020614266, -0.019554744, 0.9998066, 10.829689, -59.31552, 141.25839)

[node name="Tree39" parent="Forest" instance=ExtResource("19_l7y6d")]
transform = Transform3D(0.27173752, 0.14150475, 0.9519114, -0.028564077, 0.98988104, -0.13899502, -0.9619473, 0.01057971, 0.27302974, 55.899498, -83.7806, 4.3338737)

[node name="Tree47" parent="Forest" instance=ExtResource("19_l7y6d")]
transform = Transform3D(1, 0, 0, 0, 1, 0, 0, 0, 1, 39.783356, -95.78757, 68.13172)

[node name="Tree49" parent="Forest" instance=ExtResource("19_l7y6d")]
transform = Transform3D(0.9802134, 0.1979349, 0.0018557459, -0.19793487, 0.98003936, 0.018563973, 0.0018557608, -0.018563975, 0.99982595, 40.16545, -78.83568, 75.58975)

[node name="Tree51" parent="Forest" instance=ExtResource("19_l7y6d")]
transform = Transform3D(1, 0, 0, 0, 1, 0, 0, 0, 1, 49.914635, -97.736916, 98.75769)

[node name="Tree52" parent="Forest" instance=ExtResource("19_l7y6d")]
transform = Transform3D(0.97155076, 0.23681615, 0.0026681945, -0.23681615, 0.97130054, 0.022210581, 0.002668202, -0.02221058, 0.9997497, 40.354485, -79.771, 57.1075)

[node name="Tree53" parent="Forest" instance=ExtResource("19_l7y6d")]
transform = Transform3D(1, 0, 0, 0, 1, 0, 0, 0, 1, -5.616646, -53.68055, 142.8009)

[node name="Tree58" parent="Forest" instance=ExtResource("19_l7y6d")]
transform = Transform3D(1, 0, 0, 0, 1, 0, 0, 0, 1, 25.019821, -65.157166, -14.531666)

[node name="Tree73" parent="Forest" instance=ExtResource("19_l7y6d")]
transform = Transform3D(0.9993202, -0.036865633, 6.374717e-05, 0.036865633, 0.99931425, -0.0034575649, 6.375462e-05, 0.0034575653, 0.9999939, 50.30889, -81.83237, 146.89908)

[node name="Tree74" parent="Forest" instance=ExtResource("19_l7y6d")]
transform = Transform3D(1, 0, 0, 0, 1, 0, 0, 0, 1, 8.314705, -57.25093, 141.49428)

[node name="Tree80" parent="Forest" instance=ExtResource("19_l7y6d")]
transform = Transform3D(1, 0, 0, 0, 1, 0, 0, 0, 1, 32.333748, -72.66316, 138.55016)

[node name="Tree81" parent="Forest" instance=ExtResource("19_l7y6d")]
transform = Transform3D(0.99504524, 0.0994218, 0.00046468526, -0.0994218, 0.9950017, 0.009324601, 0.00046470016, -0.009324601, 0.9999563, 26.623283, -65.18119, 66.16594)

[node name="Tree104" parent="Forest" instance=ExtResource("19_l7y6d")]
transform = Transform3D(0.9992856, 0.037714396, 0.0024889633, -0.037796307, 0.99728537, 0.063194886, -9.88543e-05, -0.063243784, 0.9979982, 50.18406, -80.77584, 142.42143)

[node name="Tree105" parent="Forest" instance=ExtResource("19_l7y6d")]
transform = Transform3D(-0.73632115, 0, 0.6766319, 0, 1, 0, -0.6766319, 0, -0.73632115, 25.391212, -71.07364, 134.23608)

[node name="Tree106" parent="Forest" instance=ExtResource("19_l7y6d")]
transform = Transform3D(0.50442207, 0, 0.8634572, 0, 1, 0, -0.8634572, 0, 0.50442207, 30.117714, -72.98543, 133.27116)

[node name="Tree107" parent="Forest" instance=ExtResource("19_l7y6d")]
transform = Transform3D(1, 0, 0, 0, 1, 0, 0, 0, 1, 34.63336, -74.00421, 140.35281)

[node name="Tree108" parent="Forest" instance=ExtResource("19_l7y6d")]
transform = Transform3D(1, 0, 0, 0, 1, 0, 0, 0, 1, 28.53254, -72.55542, 138.90665)

[node name="Tree110" parent="Forest" instance=ExtResource("19_l7y6d")]
transform = Transform3D(0.9999988, 0.0015335374, -1.2539327e-05, -0.0015335374, 0.9998651, -0.016351053, -1.2539327e-05, 0.016351053, 0.9998663, 17.883904, -62.827583, 76.76143)

[node name="Tree113" parent="Forest" instance=ExtResource("19_l7y6d")]
transform = Transform3D(0.93326527, 0.06664022, 0.35295203, -0.059076473, 0.9977349, -0.032172024, -0.35429645, 0.00917386, 0.9350882, 17.353004, -63.000893, 71.10086)

[node name="Tree114" parent="Forest" instance=ExtResource("19_l7y6d")]
transform = Transform3D(0.9999988, 0.0015335374, -1.2539327e-05, -0.0015335374, 0.9998651, -0.016351053, -1.2539327e-05, 0.016351053, 0.9998663, 18.380043, -60.824554, 82.05142)

[node name="Tree142" parent="Forest" instance=ExtResource("19_l7y6d")]
transform = Transform3D(1, 0, 0, 0, 1, 0, 0, 0, 1, 160.41016, -70.83812, 75.61078)
visible = false

[node name="Tree169" parent="Forest" instance=ExtResource("19_l7y6d")]
transform = Transform3D(1, 0, 0, 0, 1, 0, 0, 0, 1, 52.174477, -92.547966, 76.36006)

[node name="Tree171" parent="Forest" instance=ExtResource("19_l7y6d")]
transform = Transform3D(1, 0, 0, 0, 1, 0, 0, 0, 1, 51.420097, -91.14496, 68.31593)

[node name="Tree173" parent="Forest" instance=ExtResource("19_l7y6d")]
transform = Transform3D(1, 0, 0, 0, 1, 0, 0, 0, 1, 1.9276352, -49.00007, 150.86674)

[node name="Tree182" parent="Forest" instance=ExtResource("19_l7y6d")]
transform = Transform3D(1, 0, 0, 0, 1, 0, 0, 0, 1, 4.062912, -54.384373, 142.55162)

[node name="Tree194" parent="Forest" instance=ExtResource("19_l7y6d")]
transform = Transform3D(1, 0, 0, 0, 1, 0, 0, 0, 1, -10.119545, -52.16335, 156.85553)

[node name="Tree195" parent="Forest" instance=ExtResource("19_l7y6d")]
transform = Transform3D(1, 0, 0, 0, 1, 0, 0, 0, 1, -3.4023514, -48.610584, 154.96005)

[node name="Tree196" parent="Forest" instance=ExtResource("19_l7y6d")]
transform = Transform3D(1, 0, 0, 0, 1, 0, 0, 0, 1, -10.873955, -54.370987, 148.81146)

[node name="Tree197" parent="Forest" instance=ExtResource("19_l7y6d")]
transform = Transform3D(0.99987704, -0.015640104, -0.001313366, 0.015640106, 0.98587364, 0.16675968, -0.001313366, -0.16675964, 0.98599654, -19.381584, -59.062557, 164.85178)

[node name="Tree223" parent="Forest" instance=ExtResource("19_l7y6d")]
transform = Transform3D(1, 0, 0, 0, 1, 0, 0, 0, 1, 41.733246, -77.89362, 95.04317)

[node name="Tree224" parent="Forest" instance=ExtResource("19_l7y6d")]
transform = Transform3D(1, 0, 0, 0, 1, 0, 0, 0, 1, 40.27469, -77.94777, 101.1445)

[node name="Tree238" parent="Forest" instance=ExtResource("19_l7y6d")]
transform = Transform3D(0.98787135, 0.15527038, 0.0011375248, -0.15527037, 0.98776466, 0.014562542, 0.0011375248, -0.0145625435, 0.9998933, 39.73307, -68.31782, -10.041061)

[node name="Tree239" parent="Forest" instance=ExtResource("19_l7y6d")]
transform = Transform3D(1, 0, 0, 0, 1, 0, 0, 0, 1, 34.54666, -68.97512, -12.11508)

[node name="Tree22" parent="Forest" instance=ExtResource("19_l7y6d")]
transform = Transform3D(0.6520059, 0, -0.75821394, 0, 1, 0, 0.75821394, 0, 0.6520059, -4.3336563, -74.41983, 72.67419)

[node name="Tree35" parent="Forest" instance=ExtResource("19_l7y6d")]
transform = Transform3D(0.6520059, 0, -0.75821394, 0, 1, 0, 0.75821394, 0, 0.6520059, -0.10068512, -75.08329, 52.46821)

[node name="Tree36" parent="Forest" instance=ExtResource("19_l7y6d")]
transform = Transform3D(0.6520059, 0, -0.75821394, 0, 1, 0, 0.75821394, 0, 0.6520059, -23.097359, -61.006348, 118.0267)

[node name="Tree70" parent="Forest" instance=ExtResource("19_l7y6d")]
transform = Transform3D(0.6520059, 0, -0.75821394, 0, 1, 0, 0.75821394, 0, 0.6520059, -6.0401, -69.55634, 46.742767)

[node name="Tree205" parent="Forest" instance=ExtResource("19_l7y6d")]
transform = Transform3D(0.6520059, 0, -0.75821394, 0, 1, 0, 0.75821394, 0, 0.6520059, -4.326233, -72.07269, 54.66156)

[node name="Tree206" parent="Forest" instance=ExtResource("19_l7y6d")]
transform = Transform3D(0.6520059, 0, -0.75821394, 0, 1, 0, 0.75821394, 0, 0.6520059, 1.4906769, -74.3916, 58.518738)

[node name="Tree207" parent="Forest" instance=ExtResource("19_l7y6d")]
transform = Transform3D(0.620382, 0, -0.78430074, 0, 1, 0, 0.78430074, 0, 0.620382, -10.790306, -69.39552, 94.68918)

[node name="Tree213" parent="Forest" instance=ExtResource("19_l7y6d")]
transform = Transform3D(0.6520059, 0, -0.75821394, 0, 1, 0, 0.75821394, 0, 0.6520059, -8.043579, -70.82298, 81.665276)

[node name="Tree214" parent="Forest" instance=ExtResource("19_l7y6d")]
transform = Transform3D(0.6520059, 0, -0.75821394, 0, 1, 0, 0.75821394, 0, 0.6520059, 1.2810822, -74.29837, 48.844757)

[node name="Tree217" parent="Forest" instance=ExtResource("19_l7y6d")]
transform = Transform3D(0.620382, 0, -0.78430074, 0, 1, 0, 0.78430074, 0, 0.620382, 0.64120483, -73.571106, 82.83045)

[node name="Tree243" parent="Forest" instance=ExtResource("19_l7y6d")]
transform = Transform3D(0.6520059, 0, -0.75821394, 0, 1, 0, 0.75821394, 0, 0.6520059, -2.4363098, -74.34413, 75.84834)

[node name="Tree244" parent="Forest" instance=ExtResource("19_l7y6d")]
transform = Transform3D(0.6203823, 0, -0.7843008, 0, 1, 0, 0.7843008, 0, 0.6203823, -27.580902, -61.73304, 104.16969)

[node name="Tree245" parent="Forest" instance=ExtResource("19_l7y6d")]
transform = Transform3D(0.6203823, 0, -0.7843007, 0, 1, 0, 0.7843007, 0, 0.6203823, -21.756718, -64.66425, 98.12781)

[node name="Tree246" parent="Forest" instance=ExtResource("19_l7y6d")]
transform = Transform3D(0.6520059, 0, -0.75821394, 0, 1, 0, 0.75821394, 0, 0.6520059, -19.098751, -66.00986, 108.21861)

[node name="Tree247" parent="Forest" instance=ExtResource("19_l7y6d")]
transform = Transform3D(0.6520059, 0, -0.75821394, 0, 1, 0, 0.75821394, 0, 0.6520059, -13.491531, -67.45412, 102.40167)

[node name="Tree248" parent="Forest" instance=ExtResource("19_l7y6d")]
transform = Transform3D(0.6520059, 0, -0.75821394, 0, 1, 0, 0.75821394, 0, 0.6520059, -12.9945755, -64.28248, 51.27485)

[node name="Tree249" parent="Forest" instance=ExtResource("19_l7y6d")]
transform = Transform3D(0.6520059, 0, -0.75821394, 0, 1, 0, 0.75821394, 0, 0.6520059, -13.204124, -62.777622, 41.600845)

[node name="Tree37" parent="Forest" instance=ExtResource("19_l7y6d")]
transform = Transform3D(-0.12308186, 0, -0.99239653, 0, 1, 0, 0.99239653, 0, -0.12308186, -11.134361, -64.06692, 26.685349)

[node name="Tree251" parent="Forest" instance=ExtResource("19_l7y6d")]
transform = Transform3D(-0.12308186, 0, -0.99239653, 0, 1, 0, 0.99239653, 0, -0.12308186, 4.841118, -74.886314, 13.102749)

[node name="Tree257" parent="Forest" instance=ExtResource("19_l7y6d")]
transform = Transform3D(-0.16365315, 0, -0.9865192, 0, 1, 0, 0.9865192, 0, -0.16365315, -13.729454, -62.448853, 28.816078)

[node name="Tree259" parent="Forest" instance=ExtResource("19_l7y6d")]
transform = Transform3D(-0.12308186, 0, -0.99239653, 0, 1, 0, 0.99239653, 0, -0.12308186, -10.628952, -64.28136, 21.844193)

[node name="sign_curva" type="Node3D" parent="."]
transform = Transform3D(1, 0, 0, 0, 1, 0, 0, 0, 1, 126.805115, 49.891365, 0)

[node name="Sketchfab_Scene" parent="sign_curva" instance=ExtResource("20_geru1")]
transform = Transform3D(0.84714687, -0.020360893, -0.52311546, 0.031286195, 0.8307927, 0.004399282, 0.5203541, -0.016803332, 0.851378, -37.872627, -25.714338, 68.74)

[node name="Sprite3D2" type="Sprite3D" parent="sign_curva"]
transform = Transform3D(-0.68979937, 0, 0.49018097, 0, 0.5733726, 0, -0.47406846, 0, -0.71324396, -29.623451, -20.259764, 68.33837)
texture = ExtResource("21_xasde")

[node name="Sketchfab_Scene2" parent="sign_curva" instance=ExtResource("20_geru1")]
transform = Transform3D(0.84714687, -0.020360893, -0.52311546, 0.031286195, 0.8307927, 0.004399282, 0.5203541, -0.016803332, 0.851378, -40.04323, -25.714338, 67.0993)

[node name="Sprite3D3" type="Sprite3D" parent="sign_curva"]
transform = Transform3D(-0.68979937, 0, 0.49018097, 0, 0.5733726, 0, -0.47406846, 0, -0.71324396, -31.794052, -20.259764, 66.69767)
texture = ExtResource("21_xasde")
